NumPreceeding	NumFollowing	NumNeighbors	Threshold	Recall	Precision	F-Score	Runtime
0	1	1	0.100	0.000000	0.000000	0.000000	0:00:00.116780
0	1	1	0.300	0.000000	0.000000	0.000000	0:00:00.064414
0	1	1	0.500	0.000000	0.000000	0.000000	0:00:00.071877
0	1	1	0.700	0.000000	0.000000	0.000000	0:00:00.065015
0	1	1	0.900	0.000000	0.000000	0.000000	0:00:00.059897
0	1	1	0.999	0.000000	0.000000	0.000000	0:00:00.061687
0	1	3	0.100	0.185185	0.018064	0.032916	0:00:00.075688
0	1	3	0.300	0.185185	0.018064	0.032916	0:00:00.078074
0	1	3	0.500	0.185185	0.018064	0.032916	0:00:00.123496
0	1	3	0.700	0.000000	0.000000	0.000000	0:00:00.073910
0	1	3	0.900	0.000000	0.000000	0.000000	0:00:00.123524
0	1	3	0.999	0.000000	0.000000	0.000000	0:00:00.065030
0	1	5	0.100	0.185185	0.017397	0.031807	0:00:00.077493
0	1	5	0.300	0.185185	0.017397	0.031807	0:00:00.067557
0	1	5	0.500	0.185185	0.017397	0.031807	0:00:00.105539
0	1	5	0.700	0.185185	0.017397	0.031807	0:00:00.085524
0	1	5	0.900	0.000000	0.000000	0.000000	0:00:00.066547
0	1	5	0.999	0.000000	0.000000	0.000000	0:00:00.066165
0	1	7	0.100	1.000000	0.085769	0.157987	0:00:00.062721
0	1	7	0.300	1.000000	0.085769	0.157987	0:00:00.074008
0	1	7	0.500	1.000000	0.085769	0.157987	0:00:00.068630
0	1	7	0.700	1.000000	0.085769	0.157987	0:00:00.086543
0	1	7	0.900	0.000000	0.000000	0.000000	0:00:00.105525
0	1	7	0.999	0.000000	0.000000	0.000000	0:00:00.074076
0	3	1	0.100	0.000000	0.000000	0.000000	0:00:00.088682
0	3	1	0.300	0.000000	0.000000	0.000000	0:00:00.089008
0	3	1	0.500	0.000000	0.000000	0.000000	0:00:00.084563
0	3	1	0.700	0.000000	0.000000	0.000000	0:00:00.088781
0	3	1	0.900	0.000000	0.000000	0.000000	0:00:00.126198
0	3	1	0.999	0.000000	0.000000	0.000000	0:00:00.079330
0	3	3	0.100	0.000000	0.000000	0.000000	0:00:00.085030
0	3	3	0.300	0.000000	0.000000	0.000000	0:00:00.083401
0	3	3	0.500	0.000000	0.000000	0.000000	0:00:00.087641
0	3	3	0.700	0.000000	0.000000	0.000000	0:00:00.088655
0	3	3	0.900	0.000000	0.000000	0.000000	0:00:00.099143
0	3	3	0.999	0.000000	0.000000	0.000000	0:00:00.084039
0	3	5	0.100	0.000000	0.000000	0.000000	0:00:00.087030
0	3	5	0.300	0.000000	0.000000	0.000000	0:00:00.091041
0	3	5	0.500	0.000000	0.000000	0.000000	0:00:00.126231
0	3	5	0.700	0.000000	0.000000	0.000000	0:00:00.077348
0	3	5	0.900	0.000000	0.000000	0.000000	0:00:00.082534
0	3	5	0.999	0.000000	0.000000	0.000000	0:00:00.078730
0	3	7	0.100	0.022222	0.001661	0.003091	0:00:00.099738
0	3	7	0.300	0.022222	0.001661	0.003091	0:00:00.110606
0	3	7	0.500	0.022222	0.001661	0.003091	0:00:00.100871
0	3	7	0.700	0.022222	0.001661	0.003091	0:00:00.088836
0	3	7	0.900	0.000000	0.000000	0.000000	0:00:00.086158
0	3	7	0.999	0.000000	0.000000	0.000000	0:00:00.091700
0	5	1	0.100	0.000000	0.000000	0.000000	0:00:00.079452
0	5	1	0.300	0.000000	0.000000	0.000000	0:00:00.082564
0	5	1	0.500	0.000000	0.000000	0.000000	0:00:00.078680
0	5	1	0.700	0.000000	0.000000	0.000000	0:00:00.079329
0	5	1	0.900	0.000000	0.000000	0.000000	0:00:00.084479
0	5	1	0.999	0.000000	0.000000	0.000000	0:00:00.083835
0	5	3	0.100	0.000000	0.000000	0.000000	0:00:00.082964
0	5	3	0.300	0.000000	0.000000	0.000000	0:00:00.091073
0	5	3	0.500	0.000000	0.000000	0.000000	0:00:00.088342
0	5	3	0.700	0.000000	0.000000	0.000000	0:00:00.088573
0	5	3	0.900	0.000000	0.000000	0.000000	0:00:00.089475
0	5	3	0.999	0.000000	0.000000	0.000000	0:00:00.091624
0	5	5	0.100	0.007407	0.003215	0.004484	0:00:00.139494
0	5	5	0.300	0.007407	0.003215	0.004484	0:00:00.086118
0	5	5	0.500	0.007407	0.003215	0.004484	0:00:00.083070
0	5	5	0.700	0.007407	0.003215	0.004484	0:00:00.093837
0	5	5	0.900	0.000000	0.000000	0.000000	0:00:00.088041
0	5	5	0.999	0.000000	0.000000	0.000000	0:00:00.086505
0	5	7	0.100	0.007407	0.001183	0.002041	0:00:00.085005
0	5	7	0.300	0.007407	0.001183	0.002041	0:00:00.083708
0	5	7	0.500	0.007407	0.001183	0.002041	0:00:00.086699
0	5	7	0.700	0.007407	0.001183	0.002041	0:00:00.091306
0	5	7	0.900	0.000000	0.000000	0.000000	0:00:00.089842
0	5	7	0.999	0.000000	0.000000	0.000000	0:00:00.090769
0	10	1	0.100	0.000000	0.000000	0.000000	0:00:00.090015
0	10	1	0.300	0.000000	0.000000	0.000000	0:00:00.084959
0	10	1	0.500	0.000000	0.000000	0.000000	0:00:00.090799
0	10	1	0.700	0.000000	0.000000	0.000000	0:00:00.095595
0	10	1	0.900	0.000000	0.000000	0.000000	0:00:00.089376
0	10	1	0.999	0.000000	0.000000	0.000000	0:00:00.081234
0	10	3	0.100	0.000000	0.000000	0.000000	0:00:00.095091
0	10	3	0.300	0.000000	0.000000	0.000000	0:00:00.084422
0	10	3	0.500	0.000000	0.000000	0.000000	0:00:00.096130
0	10	3	0.700	0.000000	0.000000	0.000000	0:00:00.105638
0	10	3	0.900	0.000000	0.000000	0.000000	0:00:00.089110
0	10	3	0.999	0.000000	0.000000	0.000000	0:00:00.152782
0	10	5	0.100	0.000000	0.000000	0.000000	0:00:00.093530
0	10	5	0.300	0.000000	0.000000	0.000000	0:00:00.088731
0	10	5	0.500	0.000000	0.000000	0.000000	0:00:00.088378
0	10	5	0.700	0.000000	0.000000	0.000000	0:00:00.090231
0	10	5	0.900	0.000000	0.000000	0.000000	0:00:00.084502
0	10	5	0.999	0.000000	0.000000	0.000000	0:00:00.090948
0	10	7	0.100	0.007407	0.002597	0.003846	0:00:00.084996
0	10	7	0.300	0.007407	0.002597	0.003846	0:00:00.089812
0	10	7	0.500	0.007407	0.002597	0.003846	0:00:00.090131
0	10	7	0.700	0.007407	0.002597	0.003846	0:00:00.089111
0	10	7	0.900	0.000000	0.000000	0.000000	0:00:00.089097
0	10	7	0.999	0.000000	0.000000	0.000000	0:00:00.092685
0	20	1	0.100	0.000000	0.000000	0.000000	0:00:00.092973
0	20	1	0.300	0.000000	0.000000	0.000000	0:00:00.101861
0	20	1	0.500	0.000000	0.000000	0.000000	0:00:00.098575
0	20	1	0.700	0.000000	0.000000	0.000000	0:00:00.096532
0	20	1	0.900	0.000000	0.000000	0.000000	0:00:00.096350
0	20	1	0.999	0.000000	0.000000	0.000000	0:00:00.092655
0	20	3	0.100	0.000000	0.000000	0.000000	0:00:00.098250
0	20	3	0.300	0.000000	0.000000	0.000000	0:00:00.098343
0	20	3	0.500	0.000000	0.000000	0.000000	0:00:00.100731
0	20	3	0.700	0.000000	0.000000	0.000000	0:00:00.102043
0	20	3	0.900	0.000000	0.000000	0.000000	0:00:00.101053
0	20	3	0.999	0.000000	0.000000	0.000000	0:00:00.114202
0	20	5	0.100	0.000000	0.000000	0.000000	0:00:00.097327
0	20	5	0.300	0.000000	0.000000	0.000000	0:00:00.098805
0	20	5	0.500	0.000000	0.000000	0.000000	0:00:00.106827
0	20	5	0.700	0.000000	0.000000	0.000000	0:00:00.107124
0	20	5	0.900	0.000000	0.000000	0.000000	0:00:00.104741
0	20	5	0.999	0.000000	0.000000	0.000000	0:00:00.101489
0	20	7	0.100	0.007407	0.002597	0.003846	0:00:00.099265
0	20	7	0.300	0.007407	0.002597	0.003846	0:00:00.108339
0	20	7	0.500	0.007407	0.002597	0.003846	0:00:00.098387
0	20	7	0.700	0.007407	0.002597	0.003846	0:00:00.098620
0	20	7	0.900	0.000000	0.000000	0.000000	0:00:00.112057
0	20	7	0.999	0.000000	0.000000	0.000000	0:00:00.105338
0	30	1	0.100	0.000000	0.000000	0.000000	0:00:00.119562
0	30	1	0.300	0.000000	0.000000	0.000000	0:00:00.118939
0	30	1	0.500	0.000000	0.000000	0.000000	0:00:00.129979
0	30	1	0.700	0.000000	0.000000	0.000000	0:00:00.111742
0	30	1	0.900	0.000000	0.000000	0.000000	0:00:00.116479
0	30	1	0.999	0.000000	0.000000	0.000000	0:00:00.118665
0	30	3	0.100	0.000000	0.000000	0.000000	0:00:00.118797
0	30	3	0.300	0.000000	0.000000	0.000000	0:00:00.118194
0	30	3	0.500	0.000000	0.000000	0.000000	0:00:00.126006
0	30	3	0.700	0.000000	0.000000	0.000000	0:00:00.118022
0	30	3	0.900	0.000000	0.000000	0.000000	0:00:00.128586
0	30	3	0.999	0.000000	0.000000	0.000000	0:00:00.120154
0	30	5	0.100	0.000000	0.000000	0.000000	0:00:00.120308
0	30	5	0.300	0.000000	0.000000	0.000000	0:00:00.128674
0	30	5	0.500	0.000000	0.000000	0.000000	0:00:00.135734
0	30	5	0.700	0.000000	0.000000	0.000000	0:00:00.115667
0	30	5	0.900	0.000000	0.000000	0.000000	0:00:00.124321
0	30	5	0.999	0.000000	0.000000	0.000000	0:00:00.128995
0	30	7	0.100	0.007407	0.002597	0.003846	0:00:00.124982
0	30	7	0.300	0.007407	0.002597	0.003846	0:00:00.116666
0	30	7	0.500	0.007407	0.002597	0.003846	0:00:00.123948
0	30	7	0.700	0.007407	0.002597	0.003846	0:00:00.124656
0	30	7	0.900	0.000000	0.000000	0.000000	0:00:00.121151
0	30	7	0.999	0.000000	0.000000	0.000000	0:00:00.114383
1	0	1	0.100	0.000000	0.000000	0.000000	0:00:00.061093
1	0	1	0.300	0.000000	0.000000	0.000000	0:00:00.063822
1	0	1	0.500	0.000000	0.000000	0.000000	0:00:00.061436
1	0	1	0.700	0.000000	0.000000	0.000000	0:00:00.059107
1	0	1	0.900	0.000000	0.000000	0.000000	0:00:00.067396
1	0	1	0.999	0.000000	0.000000	0.000000	0:00:00.073448
1	0	3	0.100	0.037037	0.131579	0.057803	0:00:00.061855
1	0	3	0.300	0.037037	0.131579	0.057803	0:00:00.062270
1	0	3	0.500	0.037037	0.131579	0.057803	0:00:00.061413
1	0	3	0.700	0.007407	0.071429	0.013423	0:00:00.068457
1	0	3	0.900	0.007407	0.071429	0.013423	0:00:00.061225
1	0	3	0.999	0.007407	0.071429	0.013423	0:00:00.064826
1	0	5	0.100	0.037037	0.073529	0.049261	0:00:00.064813
1	0	5	0.300	0.037037	0.073529	0.049261	0:00:00.070535
1	0	5	0.500	0.037037	0.073529	0.049261	0:00:00.065319
1	0	5	0.700	0.037037	0.073529	0.049261	0:00:00.070259
1	0	5	0.900	0.007407	0.071429	0.013423	0:00:00.066713
1	0	5	0.999	0.007407	0.071429	0.013423	0:00:00.078715
1	0	7	0.100	0.488889	0.130435	0.205928	0:00:00.068286
1	0	7	0.300	0.488889	0.130435	0.205928	0:00:00.072207
1	0	7	0.500	0.488889	0.130435	0.205928	0:00:00.073223
1	0	7	0.700	0.474074	0.131687	0.206119	0:00:00.073894
1	0	7	0.900	0.037037	0.131579	0.057803	0:00:00.063758
1	0	7	0.999	0.007407	0.071429	0.013423	0:00:00.079164
1	1	1	0.100	0.000000	0.000000	0.000000	0:00:00.074827
1	1	1	0.300	0.000000	0.000000	0.000000	0:00:00.074007
1	1	1	0.500	0.000000	0.000000	0.000000	0:00:00.077423
1	1	1	0.700	0.000000	0.000000	0.000000	0:00:00.129634
1	1	1	0.900	0.000000	0.000000	0.000000	0:00:00.068931
1	1	1	0.999	0.000000	0.000000	0.000000	0:00:00.071470
1	1	3	0.100	0.362963	0.208511	0.264865	0:00:00.071007
1	1	3	0.300	0.362963	0.208511	0.264865	0:00:00.073702
1	1	3	0.500	0.362963	0.208511	0.264865	0:00:00.078505
1	1	3	0.700	0.000000	0.000000	0.000000	0:00:00.074487
1	1	3	0.900	0.000000	0.000000	0.000000	0:00:00.076161
1	1	3	0.999	0.000000	0.000000	0.000000	0:00:00.073593
1	1	5	0.100	0.829630	0.217899	0.345146	0:00:00.073570
1	1	5	0.300	0.829630	0.217899	0.345146	0:00:00.082523
1	1	5	0.500	0.829630	0.217899	0.345146	0:00:00.074937
1	1	5	0.700	0.614815	0.193925	0.294849	0:00:00.077751
1	1	5	0.900	0.000000	0.000000	0.000000	0:00:00.081629
1	1	5	0.999	0.000000	0.000000	0.000000	0:00:00.077807
1	1	7	0.100	1.000000	0.091401	0.167494	0:00:00.086647
1	1	7	0.300	1.000000	0.091401	0.167494	0:00:00.084669
1	1	7	0.500	1.000000	0.091401	0.167494	0:00:00.078820
1	1	7	0.700	1.000000	0.091401	0.167494	0:00:00.084413
1	1	7	0.900	0.000000	0.000000	0.000000	0:00:00.084651
1	1	7	0.999	0.000000	0.000000	0.000000	0:00:00.077377
1	3	1	0.100	0.000000	0.000000	0.000000	0:00:00.069442
1	3	1	0.300	0.000000	0.000000	0.000000	0:00:00.072881
1	3	1	0.500	0.000000	0.000000	0.000000	0:00:00.073204
1	3	1	0.700	0.000000	0.000000	0.000000	0:00:00.074897
1	3	1	0.900	0.000000	0.000000	0.000000	0:00:00.072839
1	3	1	0.999	0.000000	0.000000	0.000000	0:00:00.072951
1	3	3	0.100	0.000000	0.000000	0.000000	0:00:00.072948
1	3	3	0.300	0.000000	0.000000	0.000000	0:00:00.071698
1	3	3	0.500	0.000000	0.000000	0.000000	0:00:00.068931
1	3	3	0.700	0.000000	0.000000	0.000000	0:00:00.070471
1	3	3	0.900	0.000000	0.000000	0.000000	0:00:00.069988
1	3	3	0.999	0.000000	0.000000	0.000000	0:00:00.077837
1	3	5	0.100	0.022222	0.002412	0.004351	0:00:00.068930
1	3	5	0.300	0.022222	0.002412	0.004351	0:00:00.072128
1	3	5	0.500	0.022222	0.002412	0.004351	0:00:00.067464
1	3	5	0.700	0.022222	0.002636	0.004713	0:00:00.070854
1	3	5	0.900	0.000000	0.000000	0.000000	0:00:00.067257
1	3	5	0.999	0.000000	0.000000	0.000000	0:00:00.071356
1	3	7	0.100	0.022222	0.002377	0.004295	0:00:00.077880
1	3	7	0.300	0.022222	0.002377	0.004295	0:00:00.076729
1	3	7	0.500	0.022222	0.002377	0.004295	0:00:00.074099
1	3	7	0.700	0.022222	0.002377	0.004295	0:00:00.074732
1	3	7	0.900	0.000000	0.000000	0.000000	0:00:00.084891
1	3	7	0.999	0.000000	0.000000	0.000000	0:00:00.074782
1	5	1	0.100	0.000000	0.000000	0.000000	0:00:00.094116
1	5	1	0.300	0.000000	0.000000	0.000000	0:00:00.087559
1	5	1	0.500	0.000000	0.000000	0.000000	0:00:00.077369
1	5	1	0.700	0.000000	0.000000	0.000000	0:00:00.089339
1	5	1	0.900	0.000000	0.000000	0.000000	0:00:00.086342
1	5	1	0.999	0.000000	0.000000	0.000000	0:00:00.121985
1	5	3	0.100	0.007407	0.003236	0.004505	0:00:00.084008
1	5	3	0.300	0.007407	0.003236	0.004505	0:00:00.081563
1	5	3	0.500	0.007407	0.003236	0.004505	0:00:00.077440
1	5	3	0.700	0.000000	0.000000	0.000000	0:00:00.080311
1	5	3	0.900	0.000000	0.000000	0.000000	0:00:00.078244
1	5	3	0.999	0.000000	0.000000	0.000000	0:00:00.077806
1	5	5	0.100	0.007407	0.001395	0.002347	0:00:00.098055
1	5	5	0.300	0.007407	0.001395	0.002347	0:00:00.080756
1	5	5	0.500	0.007407	0.001395	0.002347	0:00:00.083256
1	5	5	0.700	0.007407	0.001395	0.002347	0:00:00.092676
1	5	5	0.900	0.000000	0.000000	0.000000	0:00:00.095386
1	5	5	0.999	0.000000	0.000000	0.000000	0:00:00.088775
1	5	7	0.100	0.007407	0.001013	0.001783	0:00:00.093254
1	5	7	0.300	0.007407	0.001013	0.001783	0:00:00.085487
1	5	7	0.500	0.007407	0.001013	0.001783	0:00:00.084425
1	5	7	0.700	0.007407	0.001013	0.001783	0:00:00.091369
1	5	7	0.900	0.000000	0.000000	0.000000	0:00:00.091515
1	5	7	0.999	0.000000	0.000000	0.000000	0:00:00.090814
1	10	1	0.100	0.000000	0.000000	0.000000	0:00:00.097753
1	10	1	0.300	0.000000	0.000000	0.000000	0:00:00.089065
1	10	1	0.500	0.000000	0.000000	0.000000	0:00:00.094244
1	10	1	0.700	0.000000	0.000000	0.000000	0:00:00.100664
1	10	1	0.900	0.000000	0.000000	0.000000	0:00:00.092379
1	10	1	0.999	0.000000	0.000000	0.000000	0:00:00.099060
1	10	3	0.100	0.000000	0.000000	0.000000	0:00:00.100574
1	10	3	0.300	0.000000	0.000000	0.000000	0:00:00.089546
1	10	3	0.500	0.000000	0.000000	0.000000	0:00:00.098930
1	10	3	0.700	0.000000	0.000000	0.000000	0:00:00.106872
1	10	3	0.900	0.000000	0.000000	0.000000	0:00:00.093285
1	10	3	0.999	0.000000	0.000000	0.000000	0:00:00.089816
1	10	5	0.100	0.000000	0.000000	0.000000	0:00:00.105915
1	10	5	0.300	0.000000	0.000000	0.000000	0:00:00.090828
1	10	5	0.500	0.000000	0.000000	0.000000	0:00:00.095842
1	10	5	0.700	0.000000	0.000000	0.000000	0:00:00.095883
1	10	5	0.900	0.000000	0.000000	0.000000	0:00:00.092949
1	10	5	0.999	0.000000	0.000000	0.000000	0:00:00.142906
1	10	7	0.100	0.007407	0.002494	0.003731	0:00:00.107510
1	10	7	0.300	0.007407	0.002494	0.003731	0:00:00.106036
1	10	7	0.500	0.007407	0.002494	0.003731	0:00:00.098148
1	10	7	0.700	0.007407	0.002494	0.003731	0:00:00.097860
1	10	7	0.900	0.000000	0.000000	0.000000	0:00:00.104381
1	10	7	0.999	0.000000	0.000000	0.000000	0:00:00.098716
1	20	1	0.100	0.000000	0.000000	0.000000	0:00:00.119547
1	20	1	0.300	0.000000	0.000000	0.000000	0:00:00.110951
1	20	1	0.500	0.000000	0.000000	0.000000	0:00:00.109773
1	20	1	0.700	0.000000	0.000000	0.000000	0:00:00.109103
1	20	1	0.900	0.000000	0.000000	0.000000	0:00:00.105346
1	20	1	0.999	0.000000	0.000000	0.000000	0:00:00.118630
1	20	3	0.100	0.000000	0.000000	0.000000	0:00:00.106301
1	20	3	0.300	0.000000	0.000000	0.000000	0:00:00.109656
1	20	3	0.500	0.000000	0.000000	0.000000	0:00:00.108194
1	20	3	0.700	0.000000	0.000000	0.000000	0:00:00.116799
1	20	3	0.900	0.000000	0.000000	0.000000	0:00:00.110030
1	20	3	0.999	0.000000	0.000000	0.000000	0:00:00.113602
1	20	5	0.100	0.000000	0.000000	0.000000	0:00:00.120440
1	20	5	0.300	0.000000	0.000000	0.000000	0:00:00.110324
1	20	5	0.500	0.000000	0.000000	0.000000	0:00:00.121934
1	20	5	0.700	0.000000	0.000000	0.000000	0:00:00.110908
1	20	5	0.900	0.000000	0.000000	0.000000	0:00:00.114116
1	20	5	0.999	0.000000	0.000000	0.000000	0:00:00.113325
1	20	7	0.100	0.007407	0.002494	0.003731	0:00:00.117051
1	20	7	0.300	0.007407	0.002494	0.003731	0:00:00.123237
1	20	7	0.500	0.007407	0.002494	0.003731	0:00:00.114584
1	20	7	0.700	0.007407	0.002494	0.003731	0:00:00.160768
1	20	7	0.900	0.000000	0.000000	0.000000	0:00:00.124451
1	20	7	0.999	0.000000	0.000000	0.000000	0:00:00.109684
1	30	1	0.100	0.000000	0.000000	0.000000	0:00:00.121644
1	30	1	0.300	0.000000	0.000000	0.000000	0:00:00.121022
1	30	1	0.500	0.000000	0.000000	0.000000	0:00:00.131117
1	30	1	0.700	0.000000	0.000000	0.000000	0:00:00.118756
1	30	1	0.900	0.000000	0.000000	0.000000	0:00:00.119954
1	30	1	0.999	0.000000	0.000000	0.000000	0:00:00.131148
1	30	3	0.100	0.000000	0.000000	0.000000	0:00:00.124173
1	30	3	0.300	0.000000	0.000000	0.000000	0:00:00.133450
1	30	3	0.500	0.000000	0.000000	0.000000	0:00:00.132741
1	30	3	0.700	0.000000	0.000000	0.000000	0:00:00.129152
1	30	3	0.900	0.000000	0.000000	0.000000	0:00:00.135717
1	30	3	0.999	0.000000	0.000000	0.000000	0:00:00.136293
1	30	5	0.100	0.000000	0.000000	0.000000	0:00:00.127640
1	30	5	0.300	0.000000	0.000000	0.000000	0:00:00.126966
1	30	5	0.500	0.000000	0.000000	0.000000	0:00:00.131839
1	30	5	0.700	0.000000	0.000000	0.000000	0:00:00.130938
1	30	5	0.900	0.000000	0.000000	0.000000	0:00:00.139445
1	30	5	0.999	0.000000	0.000000	0.000000	0:00:00.137461
1	30	7	0.100	0.007407	0.002494	0.003731	0:00:00.141440
1	30	7	0.300	0.007407	0.002494	0.003731	0:00:00.171595
1	30	7	0.500	0.007407	0.002494	0.003731	0:00:00.127691
1	30	7	0.700	0.007407	0.002494	0.003731	0:00:00.136071
1	30	7	0.900	0.000000	0.000000	0.000000	0:00:00.127818
1	30	7	0.999	0.000000	0.000000	0.000000	0:00:00.125092
3	0	1	0.100	0.000000	0.000000	0.000000	0:00:00.073173
3	0	1	0.300	0.000000	0.000000	0.000000	0:00:00.076529
3	0	1	0.500	0.000000	0.000000	0.000000	0:00:00.076795
3	0	1	0.700	0.000000	0.000000	0.000000	0:00:00.083663
3	0	1	0.900	0.000000	0.000000	0.000000	0:00:00.087498
3	0	1	0.999	0.000000	0.000000	0.000000	0:00:00.083573
3	0	3	0.100	0.059259	0.037915	0.046243	0:00:00.087923
3	0	3	0.300	0.059259	0.037915	0.046243	0:00:00.084878
3	0	3	0.500	0.059259	0.037915	0.046243	0:00:00.088171
3	0	3	0.700	0.000000	0.000000	0.000000	0:00:00.079251
3	0	3	0.900	0.000000	0.000000	0.000000	0:00:00.079578
3	0	3	0.999	0.000000	0.000000	0.000000	0:00:00.080045
3	0	5	0.100	0.192593	0.077612	0.110638	0:00:00.079732
3	0	5	0.300	0.192593	0.077612	0.110638	0:00:00.080163
3	0	5	0.500	0.192593	0.077612	0.110638	0:00:00.087242
3	0	5	0.700	0.192593	0.077612	0.110638	0:00:00.088068
3	0	5	0.900	0.000000	0.000000	0.000000	0:00:00.082533
3	0	5	0.999	0.000000	0.000000	0.000000	0:00:00.090130
3	0	7	0.100	0.525926	0.103348	0.172749	0:00:00.137147
3	0	7	0.300	0.525926	0.103348	0.172749	0:00:00.086529
3	0	7	0.500	0.525926	0.103348	0.172749	0:00:00.086925
3	0	7	0.700	0.525926	0.103348	0.172749	0:00:00.089105
3	0	7	0.900	0.000000	0.000000	0.000000	0:00:00.089287
3	0	7	0.999	0.000000	0.000000	0.000000	0:00:00.087394
3	1	1	0.100	0.000000	0.000000	0.000000	0:00:00.076941
3	1	1	0.300	0.000000	0.000000	0.000000	0:00:00.066145
3	1	1	0.500	0.000000	0.000000	0.000000	0:00:00.067636
3	1	1	0.700	0.000000	0.000000	0.000000	0:00:00.063893
3	1	1	0.900	0.000000	0.000000	0.000000	0:00:00.071444
3	1	1	0.999	0.000000	0.000000	0.000000	0:00:00.063570
3	1	3	0.100	0.237037	0.105960	0.146453	0:00:00.072056
3	1	3	0.300	0.237037	0.105960	0.146453	0:00:00.066589
3	1	3	0.500	0.237037	0.105960	0.146453	0:00:00.079246
3	1	3	0.700	0.000000	0.000000	0.000000	0:00:00.069456
3	1	3	0.900	0.000000	0.000000	0.000000	0:00:00.067421
3	1	3	0.999	0.000000	0.000000	0.000000	0:00:00.066909
3	1	5	0.100	0.711111	0.125000	0.212625	0:00:00.070958
3	1	5	0.300	0.711111	0.125000	0.212625	0:00:00.068876
3	1	5	0.500	0.711111	0.125000	0.212625	0:00:00.067630
3	1	5	0.700	0.585185	0.110644	0.186101	0:00:00.067742
3	1	5	0.900	0.000000	0.000000	0.000000	0:00:00.080997
3	1	5	0.999	0.000000	0.000000	0.000000	0:00:00.070622
3	1	7	0.100	1.000000	0.083179	0.153584	0:00:00.075946
3	1	7	0.300	1.000000	0.083179	0.153584	0:00:00.067946
3	1	7	0.500	1.000000	0.083179	0.153584	0:00:00.067960
3	1	7	0.700	1.000000	0.083282	0.153759	0:00:00.068291
3	1	7	0.900	0.000000	0.000000	0.000000	0:00:00.081967
3	1	7	0.999	0.000000	0.000000	0.000000	0:00:00.075646
3	3	1	0.100	0.000000	0.000000	0.000000	0:00:00.087664
3	3	1	0.300	0.000000	0.000000	0.000000	0:00:00.086518
3	3	1	0.500	0.000000	0.000000	0.000000	0:00:00.083004
3	3	1	0.700	0.000000	0.000000	0.000000	0:00:00.084932
3	3	1	0.900	0.000000	0.000000	0.000000	0:00:00.089045
3	3	1	0.999	0.000000	0.000000	0.000000	0:00:00.093314
3	3	3	0.100	0.007407	0.003257	0.004525	0:00:00.082834
3	3	3	0.300	0.007407	0.003257	0.004525	0:00:00.077888
3	3	3	0.500	0.007407	0.003257	0.004525	0:00:00.077573
3	3	3	0.700	0.000000	0.000000	0.000000	0:00:00.080390
3	3	3	0.900	0.000000	0.000000	0.000000	0:00:00.078457
3	3	3	0.999	0.000000	0.000000	0.000000	0:00:00.095347
3	3	5	0.100	0.037037	0.004255	0.007634	0:00:00.085723
3	3	5	0.300	0.037037	0.004255	0.007634	0:00:00.088911
3	3	5	0.500	0.037037	0.004255	0.007634	0:00:00.084754
3	3	5	0.700	0.037037	0.004259	0.007639	0:00:00.084061
3	3	5	0.900	0.000000	0.000000	0.000000	0:00:00.081173
3	3	5	0.999	0.000000	0.000000	0.000000	0:00:00.082507
3	3	7	0.100	0.037037	0.002966	0.005491	0:00:00.082167
3	3	7	0.300	0.037037	0.002966	0.005491	0:00:00.079496
3	3	7	0.500	0.037037	0.002966	0.005491	0:00:00.086567
3	3	7	0.700	0.037037	0.002966	0.005491	0:00:00.084715
3	3	7	0.900	0.000000	0.000000	0.000000	0:00:00.091637
3	3	7	0.999	0.000000	0.000000	0.000000	0:00:00.091008
3	5	1	0.100	0.000000	0.000000	0.000000	0:00:00.077213
3	5	1	0.300	0.000000	0.000000	0.000000	0:00:00.073876
3	5	1	0.500	0.000000	0.000000	0.000000	0:00:00.076450
3	5	1	0.700	0.000000	0.000000	0.000000	0:00:00.081204
3	5	1	0.900	0.000000	0.000000	0.000000	0:00:00.085135
3	5	1	0.999	0.000000	0.000000	0.000000	0:00:00.082264
3	5	3	0.100	0.007407	0.002793	0.004057	0:00:00.080283
3	5	3	0.300	0.007407	0.002793	0.004057	0:00:00.075528
3	5	3	0.500	0.007407	0.002793	0.004057	0:00:00.079830
3	5	3	0.700	0.000000	0.000000	0.000000	0:00:00.086238
3	5	3	0.900	0.000000	0.000000	0.000000	0:00:00.082444
3	5	3	0.999	0.000000	0.000000	0.000000	0:00:00.083902
3	5	5	0.100	0.014815	0.002294	0.003972	0:00:00.079192
3	5	5	0.300	0.014815	0.002294	0.003972	0:00:00.076082
3	5	5	0.500	0.014815	0.002294	0.003972	0:00:00.074304
3	5	5	0.700	0.014815	0.002294	0.003972	0:00:00.076900
3	5	5	0.900	0.000000	0.000000	0.000000	0:00:00.077955
3	5	5	0.999	0.000000	0.000000	0.000000	0:00:00.077504
3	5	7	0.100	0.014815	0.001610	0.002905	0:00:00.080975
3	5	7	0.300	0.014815	0.001610	0.002905	0:00:00.077298
3	5	7	0.500	0.014815	0.001610	0.002905	0:00:00.075470
3	5	7	0.700	0.014815	0.001610	0.002905	0:00:00.080628
3	5	7	0.900	0.000000	0.000000	0.000000	0:00:00.078173
3	5	7	0.999	0.000000	0.000000	0.000000	0:00:00.075602
3	10	1	0.100	0.000000	0.000000	0.000000	0:00:00.099508
3	10	1	0.300	0.000000	0.000000	0.000000	0:00:00.093183
3	10	1	0.500	0.000000	0.000000	0.000000	0:00:00.094899
3	10	1	0.700	0.000000	0.000000	0.000000	0:00:00.096836
3	10	1	0.900	0.000000	0.000000	0.000000	0:00:00.095174
3	10	1	0.999	0.000000	0.000000	0.000000	0:00:00.095503
3	10	3	0.100	0.000000	0.000000	0.000000	0:00:00.111267
3	10	3	0.300	0.000000	0.000000	0.000000	0:00:00.104834
3	10	3	0.500	0.000000	0.000000	0.000000	0:00:00.098953
3	10	3	0.700	0.000000	0.000000	0.000000	0:00:00.102982
3	10	3	0.900	0.000000	0.000000	0.000000	0:00:00.151289
3	10	3	0.999	0.000000	0.000000	0.000000	0:00:00.096194
3	10	5	0.100	0.014815	0.005208	0.007707	0:00:00.096590
3	10	5	0.300	0.014815	0.005208	0.007707	0:00:00.097614
3	10	5	0.500	0.014815	0.005208	0.007707	0:00:00.104768
3	10	5	0.700	0.014815	0.005208	0.007707	0:00:00.100039
3	10	5	0.900	0.000000	0.000000	0.000000	0:00:00.106640
3	10	5	0.999	0.000000	0.000000	0.000000	0:00:00.094178
3	10	7	0.100	0.014815	0.003731	0.005961	0:00:00.100363
3	10	7	0.300	0.014815	0.003731	0.005961	0:00:00.100243
3	10	7	0.500	0.014815	0.003731	0.005961	0:00:00.111050
3	10	7	0.700	0.014815	0.003731	0.005961	0:00:00.104759
3	10	7	0.900	0.000000	0.000000	0.000000	0:00:00.103646
3	10	7	0.999	0.000000	0.000000	0.000000	0:00:00.108980
3	20	1	0.100	0.000000	0.000000	0.000000	0:00:00.115746
3	20	1	0.300	0.000000	0.000000	0.000000	0:00:00.106365
3	20	1	0.500	0.000000	0.000000	0.000000	0:00:00.106482
3	20	1	0.700	0.000000	0.000000	0.000000	0:00:00.111630
3	20	1	0.900	0.000000	0.000000	0.000000	0:00:00.114874
3	20	1	0.999	0.000000	0.000000	0.000000	0:00:00.108769
3	20	3	0.100	0.000000	0.000000	0.000000	0:00:00.111484
3	20	3	0.300	0.000000	0.000000	0.000000	0:00:00.108172
3	20	3	0.500	0.000000	0.000000	0.000000	0:00:00.117334
3	20	3	0.700	0.000000	0.000000	0.000000	0:00:00.118363
3	20	3	0.900	0.000000	0.000000	0.000000	0:00:00.116799
3	20	3	0.999	0.000000	0.000000	0.000000	0:00:00.112285
3	20	5	0.100	0.014815	0.005208	0.007707	0:00:00.115881
3	20	5	0.300	0.014815	0.005208	0.007707	0:00:00.119947
3	20	5	0.500	0.014815	0.005208	0.007707	0:00:00.116587
3	20	5	0.700	0.014815	0.005208	0.007707	0:00:00.110772
3	20	5	0.900	0.000000	0.000000	0.000000	0:00:00.114811
3	20	5	0.999	0.000000	0.000000	0.000000	0:00:00.111704
3	20	7	0.100	0.014815	0.003731	0.005961	0:00:00.114618
3	20	7	0.300	0.014815	0.003731	0.005961	0:00:00.120403
3	20	7	0.500	0.014815	0.003731	0.005961	0:00:00.124781
3	20	7	0.700	0.014815	0.003731	0.005961	0:00:00.120275
3	20	7	0.900	0.000000	0.000000	0.000000	0:00:00.126788
3	20	7	0.999	0.000000	0.000000	0.000000	0:00:00.119781
3	30	1	0.100	0.000000	0.000000	0.000000	0:00:00.131950
3	30	1	0.300	0.000000	0.000000	0.000000	0:00:00.129069
3	30	1	0.500	0.000000	0.000000	0.000000	0:00:00.129289
3	30	1	0.700	0.000000	0.000000	0.000000	0:00:00.127311
3	30	1	0.900	0.000000	0.000000	0.000000	0:00:00.123985
3	30	1	0.999	0.000000	0.000000	0.000000	0:00:00.122087
3	30	3	0.100	0.000000	0.000000	0.000000	0:00:00.135529
3	30	3	0.300	0.000000	0.000000	0.000000	0:00:00.129473
3	30	3	0.500	0.000000	0.000000	0.000000	0:00:00.134495
3	30	3	0.700	0.000000	0.000000	0.000000	0:00:00.129851
3	30	3	0.900	0.000000	0.000000	0.000000	0:00:00.146947
3	30	3	0.999	0.000000	0.000000	0.000000	0:00:00.133844
3	30	5	0.100	0.014815	0.005208	0.007707	0:00:00.189182
3	30	5	0.300	0.014815	0.005208	0.007707	0:00:00.139908
3	30	5	0.500	0.014815	0.005208	0.007707	0:00:00.127041
3	30	5	0.700	0.014815	0.005208	0.007707	0:00:00.129535
3	30	5	0.900	0.000000	0.000000	0.000000	0:00:00.132642
3	30	5	0.999	0.000000	0.000000	0.000000	0:00:00.136977
3	30	7	0.100	0.014815	0.003731	0.005961	0:00:00.131860
3	30	7	0.300	0.014815	0.003731	0.005961	0:00:00.131192
3	30	7	0.500	0.014815	0.003731	0.005961	0:00:00.134972
3	30	7	0.700	0.014815	0.003731	0.005961	0:00:00.128350
3	30	7	0.900	0.000000	0.000000	0.000000	0:00:00.130126
3	30	7	0.999	0.000000	0.000000	0.000000	0:00:00.134772
5	0	1	0.100	0.000000	0.000000	0.000000	0:00:00.084350
5	0	1	0.300	0.000000	0.000000	0.000000	0:00:00.090355
5	0	1	0.500	0.000000	0.000000	0.000000	0:00:00.077113
5	0	1	0.700	0.000000	0.000000	0.000000	0:00:00.080018
5	0	1	0.900	0.000000	0.000000	0.000000	0:00:00.076203
5	0	1	0.999	0.000000	0.000000	0.000000	0:00:00.076602
5	0	3	0.100	0.185185	0.042517	0.069156	0:00:00.082669
5	0	3	0.300	0.185185	0.042517	0.069156	0:00:00.084488
5	0	3	0.500	0.185185	0.042517	0.069156	0:00:00.083419
5	0	3	0.700	0.000000	0.000000	0.000000	0:00:00.083635
5	0	3	0.900	0.000000	0.000000	0.000000	0:00:00.079303
5	0	3	0.999	0.000000	0.000000	0.000000	0:00:00.080379
5	0	5	0.100	0.525926	0.062390	0.111548	0:00:00.082744
5	0	5	0.300	0.525926	0.062390	0.111548	0:00:00.088910
5	0	5	0.500	0.525926	0.062390	0.111548	0:00:00.085576
5	0	5	0.700	0.525926	0.062445	0.111635	0:00:00.102891
5	0	5	0.900	0.000000	0.000000	0.000000	0:00:00.094798
5	0	5	0.999	0.000000	0.000000	0.000000	0:00:00.084079
5	0	7	0.100	0.637037	0.053284	0.098342	0:00:00.090169
5	0	7	0.300	0.637037	0.053284	0.098342	0:00:00.093701
5	0	7	0.500	0.637037	0.053284	0.098342	0:00:00.087297
5	0	7	0.700	0.637037	0.053284	0.098342	0:00:00.090515
5	0	7	0.900	0.000000	0.000000	0.000000	0:00:00.093037
5	0	7	0.999	0.000000	0.000000	0.000000	0:00:00.091293
5	1	1	0.100	0.000000	0.000000	0.000000	0:00:00.152308
5	1	1	0.300	0.000000	0.000000	0.000000	0:00:00.076107
5	1	1	0.500	0.000000	0.000000	0.000000	0:00:00.077484
5	1	1	0.700	0.000000	0.000000	0.000000	0:00:00.081926
5	1	1	0.900	0.000000	0.000000	0.000000	0:00:00.084198
5	1	1	0.999	0.000000	0.000000	0.000000	0:00:00.088836
5	1	3	0.100	0.259259	0.037756	0.065913	0:00:00.088135
5	1	3	0.300	0.259259	0.037756	0.065913	0:00:00.087597
5	1	3	0.500	0.259259	0.037797	0.065975	0:00:00.082620
5	1	3	0.700	0.000000	0.000000	0.000000	0:00:00.090376
5	1	3	0.900	0.000000	0.000000	0.000000	0:00:00.079900
5	1	3	0.999	0.000000	0.000000	0.000000	0:00:00.090030
5	1	5	0.100	0.800000	0.057754	0.107731	0:00:00.089534
5	1	5	0.300	0.800000	0.057754	0.107731	0:00:00.082462
5	1	5	0.500	0.800000	0.057754	0.107731	0:00:00.089926
5	1	5	0.700	0.792593	0.057250	0.106786	0:00:00.091994
5	1	5	0.900	0.000000	0.000000	0.000000	0:00:00.081831
5	1	5	0.999	0.000000	0.000000	0.000000	0:00:00.083514
5	1	7	0.100	0.985185	0.062441	0.117439	0:00:00.082868
5	1	7	0.300	0.985185	0.062441	0.117439	0:00:00.079040
5	1	7	0.500	0.985185	0.062441	0.117439	0:00:00.079960
5	1	7	0.700	0.985185	0.062441	0.117439	0:00:00.082122
5	1	7	0.900	0.007407	0.018868	0.010638	0:00:00.079756
5	1	7	0.999	0.000000	0.000000	0.000000	0:00:00.085997
5	3	1	0.100	0.000000	0.000000	0.000000	0:00:00.079748
5	3	1	0.300	0.000000	0.000000	0.000000	0:00:00.072210
5	3	1	0.500	0.000000	0.000000	0.000000	0:00:00.070583
5	3	1	0.700	0.000000	0.000000	0.000000	0:00:00.073093
5	3	1	0.900	0.000000	0.000000	0.000000	0:00:00.119682
5	3	1	0.999	0.000000	0.000000	0.000000	0:00:00.073151
5	3	3	0.100	0.022222	0.006012	0.009464	0:00:00.080411
5	3	3	0.300	0.022222	0.006012	0.009464	0:00:00.088777
5	3	3	0.500	0.022222	0.006012	0.009464	0:00:00.074403
5	3	3	0.700	0.000000	0.000000	0.000000	0:00:00.080951
5	3	3	0.900	0.000000	0.000000	0.000000	0:00:00.074131
5	3	3	0.999	0.000000	0.000000	0.000000	0:00:00.081426
5	3	5	0.100	0.044444	0.004208	0.007687	0:00:00.089693
5	3	5	0.300	0.044444	0.004208	0.007687	0:00:00.085945
5	3	5	0.500	0.044444	0.004208	0.007687	0:00:00.080717
5	3	5	0.700	0.044444	0.004208	0.007687	0:00:00.081989
5	3	5	0.900	0.000000	0.000000	0.000000	0:00:00.078087
5	3	5	0.999	0.000000	0.000000	0.000000	0:00:00.074046
5	3	7	0.100	0.044444	0.002954	0.005540	0:00:00.094455
5	3	7	0.300	0.044444	0.002954	0.005540	0:00:00.082185
5	3	7	0.500	0.044444	0.002954	0.005540	0:00:00.080113
5	3	7	0.700	0.044444	0.002954	0.005540	0:00:00.084666
5	3	7	0.900	0.000000	0.000000	0.000000	0:00:00.082840
5	3	7	0.999	0.000000	0.000000	0.000000	0:00:00.078623
5	5	1	0.100	0.000000	0.000000	0.000000	0:00:00.101041
5	5	1	0.300	0.000000	0.000000	0.000000	0:00:00.083452
5	5	1	0.500	0.000000	0.000000	0.000000	0:00:00.138030
5	5	1	0.700	0.000000	0.000000	0.000000	0:00:00.090530
5	5	1	0.900	0.000000	0.000000	0.000000	0:00:00.084772
5	5	1	0.999	0.000000	0.000000	0.000000	0:00:00.093708
5	5	3	0.100	0.022222	0.003436	0.005952	0:00:00.092111
5	5	3	0.300	0.022222	0.003436	0.005952	0:00:00.085280
5	5	3	0.500	0.022222	0.003436	0.005952	0:00:00.090602
5	5	3	0.700	0.000000	0.000000	0.000000	0:00:00.093505
5	5	3	0.900	0.000000	0.000000	0.000000	0:00:00.087825
5	5	3	0.999	0.000000	0.000000	0.000000	0:00:00.101678
5	5	5	0.100	0.037037	0.003582	0.006532	0:00:00.096458
5	5	5	0.300	0.037037	0.003582	0.006532	0:00:00.102555
5	5	5	0.500	0.037037	0.003582	0.006532	0:00:00.099152
5	5	5	0.700	0.037037	0.003582	0.006532	0:00:00.091566
5	5	5	0.900	0.000000	0.000000	0.000000	0:00:00.092707
5	5	5	0.999	0.000000	0.000000	0.000000	0:00:00.095545
5	5	7	0.100	0.044444	0.003304	0.006151	0:00:00.086358
5	5	7	0.300	0.044444	0.003304	0.006151	0:00:00.090830
5	5	7	0.500	0.044444	0.003304	0.006151	0:00:00.097062
5	5	7	0.700	0.044444	0.003304	0.006151	0:00:00.096409
5	5	7	0.900	0.000000	0.000000	0.000000	0:00:00.098312
5	5	7	0.999	0.000000	0.000000	0.000000	0:00:00.096668
5	10	1	0.100	0.000000	0.000000	0.000000	0:00:00.095081
5	10	1	0.300	0.000000	0.000000	0.000000	0:00:00.144017
5	10	1	0.500	0.000000	0.000000	0.000000	0:00:00.101565
5	10	1	0.700	0.000000	0.000000	0.000000	0:00:00.112788
5	10	1	0.900	0.000000	0.000000	0.000000	0:00:00.097006
5	10	1	0.999	0.000000	0.000000	0.000000	0:00:00.093871
5	10	3	0.100	0.014815	0.004435	0.006826	0:00:00.108556
5	10	3	0.300	0.014815	0.004435	0.006826	0:00:00.111370
5	10	3	0.500	0.014815	0.004435	0.006826	0:00:00.104066
5	10	3	0.700	0.000000	0.000000	0.000000	0:00:00.109793
5	10	3	0.900	0.000000	0.000000	0.000000	0:00:00.103689
5	10	3	0.999	0.000000	0.000000	0.000000	0:00:00.105711
5	10	5	0.100	0.014815	0.002497	0.004274	0:00:00.102454
5	10	5	0.300	0.014815	0.002497	0.004274	0:00:00.101696
5	10	5	0.500	0.014815	0.002497	0.004274	0:00:00.116001
5	10	5	0.700	0.014815	0.002497	0.004274	0:00:00.099940
5	10	5	0.900	0.000000	0.000000	0.000000	0:00:00.111146
5	10	5	0.999	0.000000	0.000000	0.000000	0:00:00.099032
5	10	7	0.100	0.022222	0.002783	0.004946	0:00:00.111859
5	10	7	0.300	0.022222	0.002783	0.004946	0:00:00.103798
5	10	7	0.500	0.022222	0.002783	0.004946	0:00:00.101012
5	10	7	0.700	0.022222	0.002783	0.004946	0:00:00.111449
5	10	7	0.900	0.000000	0.000000	0.000000	0:00:00.101868
5	10	7	0.999	0.000000	0.000000	0.000000	0:00:00.106757
5	20	1	0.100	0.000000	0.000000	0.000000	0:00:00.133670
5	20	1	0.300	0.000000	0.000000	0.000000	0:00:00.121161
5	20	1	0.500	0.000000	0.000000	0.000000	0:00:00.116158
5	20	1	0.700	0.000000	0.000000	0.000000	0:00:00.112967
5	20	1	0.900	0.000000	0.000000	0.000000	0:00:00.111956
5	20	1	0.999	0.000000	0.000000	0.000000	0:00:00.115162
5	20	3	0.100	0.014815	0.004435	0.006826	0:00:00.128338
5	20	3	0.300	0.014815	0.004435	0.006826	0:00:00.114986
5	20	3	0.500	0.014815	0.004435	0.006826	0:00:00.120625
5	20	3	0.700	0.000000	0.000000	0.000000	0:00:00.115425
5	20	3	0.900	0.000000	0.000000	0.000000	0:00:00.117773
5	20	3	0.999	0.000000	0.000000	0.000000	0:00:00.110709
5	20	5	0.100	0.014815	0.002497	0.004274	0:00:00.116036
5	20	5	0.300	0.014815	0.002497	0.004274	0:00:00.112836
5	20	5	0.500	0.014815	0.002497	0.004274	0:00:00.117118
5	20	5	0.700	0.014815	0.002497	0.004274	0:00:00.121696
5	20	5	0.900	0.000000	0.000000	0.000000	0:00:00.120939
5	20	5	0.999	0.000000	0.000000	0.000000	0:00:00.125524
5	20	7	0.100	0.022222	0.002783	0.004946	0:00:00.130365
5	20	7	0.300	0.022222	0.002783	0.004946	0:00:00.113685
5	20	7	0.500	0.022222	0.002783	0.004946	0:00:00.128744
5	20	7	0.700	0.022222	0.002783	0.004946	0:00:00.120353
5	20	7	0.900	0.000000	0.000000	0.000000	0:00:00.125601
5	20	7	0.999	0.000000	0.000000	0.000000	0:00:00.125610
5	30	1	0.100	0.000000	0.000000	0.000000	0:00:00.134042
5	30	1	0.300	0.000000	0.000000	0.000000	0:00:00.126104
5	30	1	0.500	0.000000	0.000000	0.000000	0:00:00.133841
5	30	1	0.700	0.000000	0.000000	0.000000	0:00:00.127685
5	30	1	0.900	0.000000	0.000000	0.000000	0:00:00.136226
5	30	1	0.999	0.000000	0.000000	0.000000	0:00:00.132323
5	30	3	0.100	0.014815	0.004435	0.006826	0:00:00.135581
5	30	3	0.300	0.014815	0.004435	0.006826	0:00:00.129941
5	30	3	0.500	0.014815	0.004435	0.006826	0:00:00.139485
5	30	3	0.700	0.000000	0.000000	0.000000	0:00:00.126286
5	30	3	0.900	0.000000	0.000000	0.000000	0:00:00.134636
5	30	3	0.999	0.000000	0.000000	0.000000	0:00:00.128644
5	30	5	0.100	0.014815	0.002497	0.004274	0:00:00.132441
5	30	5	0.300	0.014815	0.002497	0.004274	0:00:00.134716
5	30	5	0.500	0.014815	0.002497	0.004274	0:00:00.143077
5	30	5	0.700	0.014815	0.002497	0.004274	0:00:00.131167
5	30	5	0.900	0.000000	0.000000	0.000000	0:00:00.131292
5	30	5	0.999	0.000000	0.000000	0.000000	0:00:00.138224
5	30	7	0.100	0.022222	0.002783	0.004946	0:00:00.128488
5	30	7	0.300	0.022222	0.002783	0.004946	0:00:00.126629
5	30	7	0.500	0.022222	0.002783	0.004946	0:00:00.128450
5	30	7	0.700	0.022222	0.002783	0.004946	0:00:00.129792
5	30	7	0.900	0.000000	0.000000	0.000000	0:00:00.128846
5	30	7	0.999	0.000000	0.000000	0.000000	0:00:00.127752
10	0	1	0.100	0.000000	0.000000	0.000000	0:00:00.083044
10	0	1	0.300	0.000000	0.000000	0.000000	0:00:00.083836
10	0	1	0.500	0.000000	0.000000	0.000000	0:00:00.086157
10	0	1	0.700	0.000000	0.000000	0.000000	0:00:00.090376
10	0	1	0.900	0.000000	0.000000	0.000000	0:00:00.080828
10	0	1	0.999	0.000000	0.000000	0.000000	0:00:00.084508
10	0	3	0.100	0.029630	0.037736	0.033195	0:00:00.089109
10	0	3	0.300	0.029630	0.037736	0.033195	0:00:00.083848
10	0	3	0.500	0.029630	0.037736	0.033195	0:00:00.090149
10	0	3	0.700	0.000000	0.000000	0.000000	0:00:00.087108
10	0	3	0.900	0.000000	0.000000	0.000000	0:00:00.083933
10	0	3	0.999	0.000000	0.000000	0.000000	0:00:00.084177
10	0	5	0.100	0.133333	0.036885	0.057785	0:00:00.087576
10	0	5	0.300	0.133333	0.036885	0.057785	0:00:00.084474
10	0	5	0.500	0.133333	0.036885	0.057785	0:00:00.090476
10	0	5	0.700	0.133333	0.036885	0.057785	0:00:00.088257
10	0	5	0.900	0.000000	0.000000	0.000000	0:00:00.088123
10	0	5	0.999	0.000000	0.000000	0.000000	0:00:00.134474
10	0	7	0.100	0.207407	0.018932	0.034696	0:00:00.093275
10	0	7	0.300	0.207407	0.018932	0.034696	0:00:00.102332
10	0	7	0.500	0.207407	0.018932	0.034696	0:00:00.095288
10	0	7	0.700	0.207407	0.018932	0.034696	0:00:00.089994
10	0	7	0.900	0.000000	0.000000	0.000000	0:00:00.084838
10	0	7	0.999	0.000000	0.000000	0.000000	0:00:00.088485
10	1	1	0.100	0.000000	0.000000	0.000000	0:00:00.097886
10	1	1	0.300	0.000000	0.000000	0.000000	0:00:00.086931
10	1	1	0.500	0.000000	0.000000	0.000000	0:00:00.099967
10	1	1	0.700	0.000000	0.000000	0.000000	0:00:00.094107
10	1	1	0.900	0.000000	0.000000	0.000000	0:00:00.093411
10	1	1	0.999	0.000000	0.000000	0.000000	0:00:00.109212
10	1	3	0.100	0.148148	0.016667	0.029963	0:00:00.090916
10	1	3	0.300	0.148148	0.016667	0.029963	0:00:00.093715
10	1	3	0.500	0.148148	0.016667	0.029963	0:00:00.101748
10	1	3	0.700	0.007407	0.040000	0.012500	0:00:00.090491
10	1	3	0.900	0.000000	0.000000	0.000000	0:00:00.091478
10	1	3	0.999	0.000000	0.000000	0.000000	0:00:00.106655
10	1	5	0.100	0.414815	0.035578	0.065535	0:00:00.092419
10	1	5	0.300	0.414815	0.035578	0.065535	0:00:00.096060
10	1	5	0.500	0.414815	0.035578	0.065535	0:00:00.099269
10	1	5	0.700	0.414815	0.035578	0.065535	0:00:00.102731
10	1	5	0.900	0.000000	0.000000	0.000000	0:00:00.103025
10	1	5	0.999	0.000000	0.000000	0.000000	0:00:00.115476
10	1	7	0.100	0.659259	0.049472	0.092037	0:00:00.092463
10	1	7	0.300	0.659259	0.049472	0.092037	0:00:00.107638
10	1	7	0.500	0.659259	0.049472	0.092037	0:00:00.097581
10	1	7	0.700	0.659259	0.049472	0.092037	0:00:00.113378
10	1	7	0.900	0.000000	0.000000	0.000000	0:00:00.108274
10	1	7	0.999	0.000000	0.000000	0.000000	0:00:00.097229
10	3	1	0.100	0.000000	0.000000	0.000000	0:00:00.095339
10	3	1	0.300	0.000000	0.000000	0.000000	0:00:00.098903
10	3	1	0.500	0.000000	0.000000	0.000000	0:00:00.101571
10	3	1	0.700	0.000000	0.000000	0.000000	0:00:00.089938
10	3	1	0.900	0.000000	0.000000	0.000000	0:00:00.092328
10	3	1	0.999	0.000000	0.000000	0.000000	0:00:00.089936
10	3	3	0.100	0.037037	0.009276	0.014837	0:00:00.096281
10	3	3	0.300	0.037037	0.009276	0.014837	0:00:00.105055
10	3	3	0.500	0.037037	0.009276	0.014837	0:00:00.099808
10	3	3	0.700	0.000000	0.000000	0.000000	0:00:00.099925
10	3	3	0.900	0.000000	0.000000	0.000000	0:00:00.106068
10	3	3	0.999	0.000000	0.000000	0.000000	0:00:00.094694
10	3	5	0.100	0.044444	0.005550	0.009868	0:00:00.103846
10	3	5	0.300	0.044444	0.005550	0.009868	0:00:00.099605
10	3	5	0.500	0.044444	0.005550	0.009868	0:00:00.093257
10	3	5	0.700	0.044444	0.005550	0.009868	0:00:00.093060
10	3	5	0.900	0.000000	0.000000	0.000000	0:00:00.109696
10	3	5	0.999	0.000000	0.000000	0.000000	0:00:00.111135
10	3	7	0.100	0.059259	0.005344	0.009804	0:00:00.108714
10	3	7	0.300	0.059259	0.005344	0.009804	0:00:00.149535
10	3	7	0.500	0.059259	0.005344	0.009804	0:00:00.106157
10	3	7	0.700	0.059259	0.005344	0.009804	0:00:00.102930
10	3	7	0.900	0.000000	0.000000	0.000000	0:00:00.099750
10	3	7	0.999	0.000000	0.000000	0.000000	0:00:00.103680
10	5	1	0.100	0.000000	0.000000	0.000000	0:00:00.105474
10	5	1	0.300	0.000000	0.000000	0.000000	0:00:00.102747
10	5	1	0.500	0.000000	0.000000	0.000000	0:00:00.099178
10	5	1	0.700	0.000000	0.000000	0.000000	0:00:00.100800
10	5	1	0.900	0.000000	0.000000	0.000000	0:00:00.100747
10	5	1	0.999	0.000000	0.000000	0.000000	0:00:00.104229
10	5	3	0.100	0.029630	0.003448	0.006178	0:00:00.097560
10	5	3	0.300	0.029630	0.003448	0.006178	0:00:00.102631
10	5	3	0.500	0.029630	0.003448	0.006178	0:00:00.106701
10	5	3	0.700	0.000000	0.000000	0.000000	0:00:00.096969
10	5	3	0.900	0.000000	0.000000	0.000000	0:00:00.106254
10	5	3	0.999	0.000000	0.000000	0.000000	0:00:00.103903
10	5	5	0.100	0.044444	0.003797	0.006997	0:00:00.109345
10	5	5	0.300	0.044444	0.003797	0.006997	0:00:00.100675
10	5	5	0.500	0.044444	0.003797	0.006997	0:00:00.106077
10	5	5	0.700	0.044444	0.003797	0.006997	0:00:00.105031
10	5	5	0.900	0.000000	0.000000	0.000000	0:00:00.103159
10	5	5	0.999	0.000000	0.000000	0.000000	0:00:00.107051
10	5	7	0.100	0.044444	0.003266	0.006085	0:00:00.105112
10	5	7	0.300	0.044444	0.003266	0.006085	0:00:00.110762
10	5	7	0.500	0.044444	0.003266	0.006085	0:00:00.104836
10	5	7	0.700	0.044444	0.003266	0.006085	0:00:00.114281
10	5	7	0.900	0.000000	0.000000	0.000000	0:00:00.100257
10	5	7	0.999	0.000000	0.000000	0.000000	0:00:00.111655
10	10	1	0.100	0.000000	0.000000	0.000000	0:00:00.099605
10	10	1	0.300	0.000000	0.000000	0.000000	0:00:00.098349
10	10	1	0.500	0.000000	0.000000	0.000000	0:00:00.101580
10	10	1	0.700	0.000000	0.000000	0.000000	0:00:00.095597
10	10	1	0.900	0.000000	0.000000	0.000000	0:00:00.098401
10	10	1	0.999	0.000000	0.000000	0.000000	0:00:00.096861
10	10	3	0.100	0.022222	0.004438	0.007398	0:00:00.096627
10	10	3	0.300	0.022222	0.004438	0.007398	0:00:00.155799
10	10	3	0.500	0.022222	0.004438	0.007398	0:00:00.096425
10	10	3	0.700	0.000000	0.000000	0.000000	0:00:00.096504
10	10	3	0.900	0.000000	0.000000	0.000000	0:00:00.103918
10	10	3	0.999	0.000000	0.000000	0.000000	0:00:00.100061
10	10	5	0.100	0.029630	0.003914	0.006914	0:00:00.099790
10	10	5	0.300	0.029630	0.003914	0.006914	0:00:00.113139
10	10	5	0.500	0.029630	0.003914	0.006914	0:00:00.093235
10	10	5	0.700	0.029630	0.003914	0.006914	0:00:00.102437
10	10	5	0.900	0.000000	0.000000	0.000000	0:00:00.100953
10	10	5	0.999	0.000000	0.000000	0.000000	0:00:00.105750
10	10	7	0.100	0.037037	0.003956	0.007148	0:00:00.104702
10	10	7	0.300	0.037037	0.003956	0.007148	0:00:00.101091
10	10	7	0.500	0.037037	0.003956	0.007148	0:00:00.113049
10	10	7	0.700	0.037037	0.003956	0.007148	0:00:00.112815
10	10	7	0.900	0.000000	0.000000	0.000000	0:00:00.103078
10	10	7	0.999	0.000000	0.000000	0.000000	0:00:00.102007
10	20	1	0.100	0.000000	0.000000	0.000000	0:00:00.120348
10	20	1	0.300	0.000000	0.000000	0.000000	0:00:00.124064
10	20	1	0.500	0.000000	0.000000	0.000000	0:00:00.124920
10	20	1	0.700	0.000000	0.000000	0.000000	0:00:00.127483
10	20	1	0.900	0.000000	0.000000	0.000000	0:00:00.116064
10	20	1	0.999	0.000000	0.000000	0.000000	0:00:00.111049
10	20	3	0.100	0.022222	0.004438	0.007398	0:00:00.122865
10	20	3	0.300	0.022222	0.004438	0.007398	0:00:00.126579
10	20	3	0.500	0.022222	0.004438	0.007398	0:00:00.124942
10	20	3	0.700	0.000000	0.000000	0.000000	0:00:00.122414
10	20	3	0.900	0.000000	0.000000	0.000000	0:00:00.128352
10	20	3	0.999	0.000000	0.000000	0.000000	0:00:00.166202
10	20	5	0.100	0.029630	0.003914	0.006914	0:00:00.119942
10	20	5	0.300	0.029630	0.003914	0.006914	0:00:00.129085
10	20	5	0.500	0.029630	0.003914	0.006914	0:00:00.121623
10	20	5	0.700	0.029630	0.003914	0.006914	0:00:00.118352
10	20	5	0.900	0.000000	0.000000	0.000000	0:00:00.118408
10	20	5	0.999	0.000000	0.000000	0.000000	0:00:00.115297
10	20	7	0.100	0.037037	0.003956	0.007148	0:00:00.131571
10	20	7	0.300	0.037037	0.003956	0.007148	0:00:00.136589
10	20	7	0.500	0.037037	0.003956	0.007148	0:00:00.122823
10	20	7	0.700	0.037037	0.003956	0.007148	0:00:00.131163
10	20	7	0.900	0.000000	0.000000	0.000000	0:00:00.123584
10	20	7	0.999	0.000000	0.000000	0.000000	0:00:00.116365
10	30	1	0.100	0.000000	0.000000	0.000000	0:00:00.132846
10	30	1	0.300	0.000000	0.000000	0.000000	0:00:00.132303
10	30	1	0.500	0.000000	0.000000	0.000000	0:00:00.129893
10	30	1	0.700	0.000000	0.000000	0.000000	0:00:00.133301
10	30	1	0.900	0.000000	0.000000	0.000000	0:00:00.127272
10	30	1	0.999	0.000000	0.000000	0.000000	0:00:00.122067
10	30	3	0.100	0.022222	0.004438	0.007398	0:00:00.130234
10	30	3	0.300	0.022222	0.004438	0.007398	0:00:00.123375
10	30	3	0.500	0.022222	0.004438	0.007398	0:00:00.123052
10	30	3	0.700	0.000000	0.000000	0.000000	0:00:00.184765
10	30	3	0.900	0.000000	0.000000	0.000000	0:00:00.129687
10	30	3	0.999	0.000000	0.000000	0.000000	0:00:00.131452
10	30	5	0.100	0.029630	0.003914	0.006914	0:00:00.130580
10	30	5	0.300	0.029630	0.003914	0.006914	0:00:00.133214
10	30	5	0.500	0.029630	0.003914	0.006914	0:00:00.125783
10	30	5	0.700	0.029630	0.003914	0.006914	0:00:00.128078
10	30	5	0.900	0.000000	0.000000	0.000000	0:00:00.141334
10	30	5	0.999	0.000000	0.000000	0.000000	0:00:00.134832
10	30	7	0.100	0.037037	0.003956	0.007148	0:00:00.128143
10	30	7	0.300	0.037037	0.003956	0.007148	0:00:00.129743
10	30	7	0.500	0.037037	0.003956	0.007148	0:00:00.136266
10	30	7	0.700	0.037037	0.003956	0.007148	0:00:00.142790
10	30	7	0.900	0.000000	0.000000	0.000000	0:00:00.129379
10	30	7	0.999	0.000000	0.000000	0.000000	0:00:00.137159
20	0	1	0.100	0.000000	0.000000	0.000000	0:00:00.093247
20	0	1	0.300	0.000000	0.000000	0.000000	0:00:00.104031
20	0	1	0.500	0.000000	0.000000	0.000000	0:00:00.094380
20	0	1	0.700	0.000000	0.000000	0.000000	0:00:00.106790
20	0	1	0.900	0.000000	0.000000	0.000000	0:00:00.088477
20	0	1	0.999	0.000000	0.000000	0.000000	0:00:00.101871
20	0	3	0.100	0.029630	0.037736	0.033195	0:00:00.105309
20	0	3	0.300	0.029630	0.037736	0.033195	0:00:00.093494
20	0	3	0.500	0.029630	0.037736	0.033195	0:00:00.144671
20	0	3	0.700	0.000000	0.000000	0.000000	0:00:00.094711
20	0	3	0.900	0.000000	0.000000	0.000000	0:00:00.097624
20	0	3	0.999	0.000000	0.000000	0.000000	0:00:00.099255
20	0	5	0.100	0.133333	0.036885	0.057785	0:00:00.101128
20	0	5	0.300	0.133333	0.036885	0.057785	0:00:00.101107
20	0	5	0.500	0.133333	0.036885	0.057785	0:00:00.098198
20	0	5	0.700	0.133333	0.036885	0.057785	0:00:00.095782
20	0	5	0.900	0.000000	0.000000	0.000000	0:00:00.098492
20	0	5	0.999	0.000000	0.000000	0.000000	0:00:00.099795
20	0	7	0.100	0.207407	0.018932	0.034696	0:00:00.092750
20	0	7	0.300	0.207407	0.018932	0.034696	0:00:00.101854
20	0	7	0.500	0.207407	0.018932	0.034696	0:00:00.104069
20	0	7	0.700	0.207407	0.018932	0.034696	0:00:00.099927
20	0	7	0.900	0.000000	0.000000	0.000000	0:00:00.092658
20	0	7	0.999	0.000000	0.000000	0.000000	0:00:00.099433
20	1	1	0.100	0.000000	0.000000	0.000000	0:00:00.100829
20	1	1	0.300	0.000000	0.000000	0.000000	0:00:00.104302
20	1	1	0.500	0.000000	0.000000	0.000000	0:00:00.106568
20	1	1	0.700	0.000000	0.000000	0.000000	0:00:00.105313
20	1	1	0.900	0.000000	0.000000	0.000000	0:00:00.106725
20	1	1	0.999	0.000000	0.000000	0.000000	0:00:00.121461
20	1	3	0.100	0.148148	0.016667	0.029963	0:00:00.113172
20	1	3	0.300	0.148148	0.016667	0.029963	0:00:00.117048
20	1	3	0.500	0.148148	0.016667	0.029963	0:00:00.113202
20	1	3	0.700	0.000000	0.000000	0.000000	0:00:00.115311
20	1	3	0.900	0.000000	0.000000	0.000000	0:00:00.114111
20	1	3	0.999	0.000000	0.000000	0.000000	0:00:00.113988
20	1	5	0.100	0.414815	0.035578	0.065535	0:00:00.121595
20	1	5	0.300	0.414815	0.035578	0.065535	0:00:00.111357
20	1	5	0.500	0.414815	0.035578	0.065535	0:00:00.112215
20	1	5	0.700	0.414815	0.035578	0.065535	0:00:00.111486
20	1	5	0.900	0.000000	0.000000	0.000000	0:00:00.117059
20	1	5	0.999	0.000000	0.000000	0.000000	0:00:00.113668
20	1	7	0.100	0.659259	0.049472	0.092037	0:00:00.114543
20	1	7	0.300	0.659259	0.049472	0.092037	0:00:00.114570
20	1	7	0.500	0.659259	0.049472	0.092037	0:00:00.110321
20	1	7	0.700	0.659259	0.049472	0.092037	0:00:00.111266
20	1	7	0.900	0.000000	0.000000	0.000000	0:00:00.109935
20	1	7	0.999	0.000000	0.000000	0.000000	0:00:00.111445
20	3	1	0.100	0.000000	0.000000	0.000000	0:00:00.118909
20	3	1	0.300	0.000000	0.000000	0.000000	0:00:00.122423
20	3	1	0.500	0.000000	0.000000	0.000000	0:00:00.117376
20	3	1	0.700	0.000000	0.000000	0.000000	0:00:00.113407
20	3	1	0.900	0.000000	0.000000	0.000000	0:00:00.113047
20	3	1	0.999	0.000000	0.000000	0.000000	0:00:00.113991
20	3	3	0.100	0.037037	0.009276	0.014837	0:00:00.121346
20	3	3	0.300	0.037037	0.009276	0.014837	0:00:00.110093
20	3	3	0.500	0.037037	0.009276	0.014837	0:00:00.110423
20	3	3	0.700	0.000000	0.000000	0.000000	0:00:00.117820
20	3	3	0.900	0.000000	0.000000	0.000000	0:00:00.116017
20	3	3	0.999	0.000000	0.000000	0.000000	0:00:00.109591
20	3	5	0.100	0.044444	0.005550	0.009868	0:00:00.119128
20	3	5	0.300	0.044444	0.005550	0.009868	0:00:00.121637
20	3	5	0.500	0.044444	0.005550	0.009868	0:00:00.116363
20	3	5	0.700	0.044444	0.005550	0.009868	0:00:00.116041
20	3	5	0.900	0.000000	0.000000	0.000000	0:00:00.112200
20	3	5	0.999	0.000000	0.000000	0.000000	0:00:00.117327
20	3	7	0.100	0.059259	0.005344	0.009804	0:00:00.116035
20	3	7	0.300	0.059259	0.005344	0.009804	0:00:00.116036
20	3	7	0.500	0.059259	0.005344	0.009804	0:00:00.108839
20	3	7	0.700	0.059259	0.005344	0.009804	0:00:00.118966
20	3	7	0.900	0.000000	0.000000	0.000000	0:00:00.119288
20	3	7	0.999	0.000000	0.000000	0.000000	0:00:00.119528
20	5	1	0.100	0.000000	0.000000	0.000000	0:00:00.114756
20	5	1	0.300	0.000000	0.000000	0.000000	0:00:00.120221
20	5	1	0.500	0.000000	0.000000	0.000000	0:00:00.114351
20	5	1	0.700	0.000000	0.000000	0.000000	0:00:00.110630
20	5	1	0.900	0.000000	0.000000	0.000000	0:00:00.128429
20	5	1	0.999	0.000000	0.000000	0.000000	0:00:00.118725
20	5	3	0.100	0.029630	0.003448	0.006178	0:00:00.113179
20	5	3	0.300	0.029630	0.003448	0.006178	0:00:00.112246
20	5	3	0.500	0.029630	0.003448	0.006178	0:00:00.110898
20	5	3	0.700	0.000000	0.000000	0.000000	0:00:00.113392
20	5	3	0.900	0.000000	0.000000	0.000000	0:00:00.118619
20	5	3	0.999	0.000000	0.000000	0.000000	0:00:00.118267
20	5	5	0.100	0.044444	0.003797	0.006997	0:00:00.124633
20	5	5	0.300	0.044444	0.003797	0.006997	0:00:00.126710
20	5	5	0.500	0.044444	0.003797	0.006997	0:00:00.124744
20	5	5	0.700	0.044444	0.003797	0.006997	0:00:00.132817
20	5	5	0.900	0.000000	0.000000	0.000000	0:00:00.112658
20	5	5	0.999	0.000000	0.000000	0.000000	0:00:00.123836
20	5	7	0.100	0.044444	0.003266	0.006085	0:00:00.116663
20	5	7	0.300	0.044444	0.003266	0.006085	0:00:00.119204
20	5	7	0.500	0.044444	0.003266	0.006085	0:00:00.118181
20	5	7	0.700	0.044444	0.003266	0.006085	0:00:00.126590
20	5	7	0.900	0.000000	0.000000	0.000000	0:00:00.123617
20	5	7	0.999	0.000000	0.000000	0.000000	0:00:00.121748
20	10	1	0.100	0.000000	0.000000	0.000000	0:00:00.155358
20	10	1	0.300	0.000000	0.000000	0.000000	0:00:00.116370
20	10	1	0.500	0.000000	0.000000	0.000000	0:00:00.116705
20	10	1	0.700	0.000000	0.000000	0.000000	0:00:00.119519
20	10	1	0.900	0.000000	0.000000	0.000000	0:00:00.116592
20	10	1	0.999	0.000000	0.000000	0.000000	0:00:00.113436
20	10	3	0.100	0.022222	0.004438	0.007398	0:00:00.114056
20	10	3	0.300	0.022222	0.004438	0.007398	0:00:00.124342
20	10	3	0.500	0.022222	0.004438	0.007398	0:00:00.121274
20	10	3	0.700	0.000000	0.000000	0.000000	0:00:00.125584
20	10	3	0.900	0.000000	0.000000	0.000000	0:00:00.121996
20	10	3	0.999	0.000000	0.000000	0.000000	0:00:00.133335
20	10	5	0.100	0.029630	0.003914	0.006914	0:00:00.119764
20	10	5	0.300	0.029630	0.003914	0.006914	0:00:00.126193
20	10	5	0.500	0.029630	0.003914	0.006914	0:00:00.116471
20	10	5	0.700	0.029630	0.003914	0.006914	0:00:00.137348
20	10	5	0.900	0.000000	0.000000	0.000000	0:00:00.124454
20	10	5	0.999	0.000000	0.000000	0.000000	0:00:00.133402
20	10	7	0.100	0.037037	0.003956	0.007148	0:00:00.124802
20	10	7	0.300	0.037037	0.003956	0.007148	0:00:00.129605
20	10	7	0.500	0.037037	0.003956	0.007148	0:00:00.127242
20	10	7	0.700	0.037037	0.003956	0.007148	0:00:00.129533
20	10	7	0.900	0.000000	0.000000	0.000000	0:00:00.122140
20	10	7	0.999	0.000000	0.000000	0.000000	0:00:00.127710
20	20	1	0.100	0.000000	0.000000	0.000000	0:00:00.141775
20	20	1	0.300	0.000000	0.000000	0.000000	0:00:00.125923
20	20	1	0.500	0.000000	0.000000	0.000000	0:00:00.121670
20	20	1	0.700	0.000000	0.000000	0.000000	0:00:00.124025
20	20	1	0.900	0.000000	0.000000	0.000000	0:00:00.124581
20	20	1	0.999	0.000000	0.000000	0.000000	0:00:00.137396
20	20	3	0.100	0.022222	0.004438	0.007398	0:00:00.127074
20	20	3	0.300	0.022222	0.004438	0.007398	0:00:00.129354
20	20	3	0.500	0.022222	0.004438	0.007398	0:00:00.134026
20	20	3	0.700	0.000000	0.000000	0.000000	0:00:00.134093
20	20	3	0.900	0.000000	0.000000	0.000000	0:00:00.133758
20	20	3	0.999	0.000000	0.000000	0.000000	0:00:00.130367
20	20	5	0.100	0.029630	0.003914	0.006914	0:00:00.123017
20	20	5	0.300	0.029630	0.003914	0.006914	0:00:00.124915
20	20	5	0.500	0.029630	0.003914	0.006914	0:00:00.124683
20	20	5	0.700	0.029630	0.003914	0.006914	0:00:00.127857
20	20	5	0.900	0.000000	0.000000	0.000000	0:00:00.122177
20	20	5	0.999	0.000000	0.000000	0.000000	0:00:00.124538
20	20	7	0.100	0.037037	0.003956	0.007148	0:00:00.124753
20	20	7	0.300	0.037037	0.003956	0.007148	0:00:00.129394
20	20	7	0.500	0.037037	0.003956	0.007148	0:00:00.123765
20	20	7	0.700	0.037037	0.003956	0.007148	0:00:00.130323
20	20	7	0.900	0.000000	0.000000	0.000000	0:00:00.125444
20	20	7	0.999	0.000000	0.000000	0.000000	0:00:00.128215
20	30	1	0.100	0.000000	0.000000	0.000000	0:00:00.154221
20	30	1	0.300	0.000000	0.000000	0.000000	0:00:00.145998
20	30	1	0.500	0.000000	0.000000	0.000000	0:00:00.202995
20	30	1	0.700	0.000000	0.000000	0.000000	0:00:00.150360
20	30	1	0.900	0.000000	0.000000	0.000000	0:00:00.142125
20	30	1	0.999	0.000000	0.000000	0.000000	0:00:00.152864
20	30	3	0.100	0.022222	0.004438	0.007398	0:00:00.145410
20	30	3	0.300	0.022222	0.004438	0.007398	0:00:00.154475
20	30	3	0.500	0.022222	0.004438	0.007398	0:00:00.151703
20	30	3	0.700	0.000000	0.000000	0.000000	0:00:00.154721
20	30	3	0.900	0.000000	0.000000	0.000000	0:00:00.143801
20	30	3	0.999	0.000000	0.000000	0.000000	0:00:00.159683
20	30	5	0.100	0.029630	0.003914	0.006914	0:00:00.153474
20	30	5	0.300	0.029630	0.003914	0.006914	0:00:00.158262
20	30	5	0.500	0.029630	0.003914	0.006914	0:00:00.154090
20	30	5	0.700	0.029630	0.003914	0.006914	0:00:00.159289
20	30	5	0.900	0.000000	0.000000	0.000000	0:00:00.145501
20	30	5	0.999	0.000000	0.000000	0.000000	0:00:00.155121
20	30	7	0.100	0.037037	0.003956	0.007148	0:00:00.157086
20	30	7	0.300	0.037037	0.003956	0.007148	0:00:00.152933
20	30	7	0.500	0.037037	0.003956	0.007148	0:00:00.163783
20	30	7	0.700	0.037037	0.003956	0.007148	0:00:00.164632
20	30	7	0.900	0.000000	0.000000	0.000000	0:00:00.152979
20	30	7	0.999	0.000000	0.000000	0.000000	0:00:00.156967
30	0	1	0.100	0.000000	0.000000	0.000000	0:00:00.114668
30	0	1	0.300	0.000000	0.000000	0.000000	0:00:00.115287
30	0	1	0.500	0.000000	0.000000	0.000000	0:00:00.121462
30	0	1	0.700	0.000000	0.000000	0.000000	0:00:00.122711
30	0	1	0.900	0.000000	0.000000	0.000000	0:00:00.122798
30	0	1	0.999	0.000000	0.000000	0.000000	0:00:00.116835
30	0	3	0.100	0.029630	0.037736	0.033195	0:00:00.120441
30	0	3	0.300	0.029630	0.037736	0.033195	0:00:00.125997
30	0	3	0.500	0.029630	0.037736	0.033195	0:00:00.122521
30	0	3	0.700	0.000000	0.000000	0.000000	0:00:00.120798
30	0	3	0.900	0.000000	0.000000	0.000000	0:00:00.128892
30	0	3	0.999	0.000000	0.000000	0.000000	0:00:00.124287
30	0	5	0.100	0.133333	0.036885	0.057785	0:00:00.115156
30	0	5	0.300	0.133333	0.036885	0.057785	0:00:00.123092
30	0	5	0.500	0.133333	0.036885	0.057785	0:00:00.164886
30	0	5	0.700	0.133333	0.036885	0.057785	0:00:00.121463
30	0	5	0.900	0.000000	0.000000	0.000000	0:00:00.116447
30	0	5	0.999	0.000000	0.000000	0.000000	0:00:00.121877
30	0	7	0.100	0.207407	0.018932	0.034696	0:00:00.118502
30	0	7	0.300	0.207407	0.018932	0.034696	0:00:00.127278
30	0	7	0.500	0.207407	0.018932	0.034696	0:00:00.115792
30	0	7	0.700	0.207407	0.018932	0.034696	0:00:00.125717
30	0	7	0.900	0.000000	0.000000	0.000000	0:00:00.123838
30	0	7	0.999	0.000000	0.000000	0.000000	0:00:00.122081
30	1	1	0.100	0.000000	0.000000	0.000000	0:00:00.125785
30	1	1	0.300	0.000000	0.000000	0.000000	0:00:00.132351
30	1	1	0.500	0.000000	0.000000	0.000000	0:00:00.125370
30	1	1	0.700	0.000000	0.000000	0.000000	0:00:00.122176
30	1	1	0.900	0.000000	0.000000	0.000000	0:00:00.127922
30	1	1	0.999	0.000000	0.000000	0.000000	0:00:00.130872
30	1	3	0.100	0.148148	0.016667	0.029963	0:00:00.125209
30	1	3	0.300	0.148148	0.016667	0.029963	0:00:00.126510
30	1	3	0.500	0.148148	0.016667	0.029963	0:00:00.127185
30	1	3	0.700	0.000000	0.000000	0.000000	0:00:00.127695
30	1	3	0.900	0.000000	0.000000	0.000000	0:00:00.123021
30	1	3	0.999	0.000000	0.000000	0.000000	0:00:00.136873
30	1	5	0.100	0.414815	0.035578	0.065535	0:00:00.124793
30	1	5	0.300	0.414815	0.035578	0.065535	0:00:00.138334
30	1	5	0.500	0.414815	0.035578	0.065535	0:00:00.134977
30	1	5	0.700	0.414815	0.035578	0.065535	0:00:00.122730
30	1	5	0.900	0.000000	0.000000	0.000000	0:00:00.129738
30	1	5	0.999	0.000000	0.000000	0.000000	0:00:00.137252
30	1	7	0.100	0.659259	0.049472	0.092037	0:00:00.171490
30	1	7	0.300	0.659259	0.049472	0.092037	0:00:00.127142
30	1	7	0.500	0.659259	0.049472	0.092037	0:00:00.123414
30	1	7	0.700	0.659259	0.049472	0.092037	0:00:00.131514
30	1	7	0.900	0.000000	0.000000	0.000000	0:00:00.124497
30	1	7	0.999	0.000000	0.000000	0.000000	0:00:00.123024
30	3	1	0.100	0.000000	0.000000	0.000000	0:00:00.121855
30	3	1	0.300	0.000000	0.000000	0.000000	0:00:00.129655
30	3	1	0.500	0.000000	0.000000	0.000000	0:00:00.120425
30	3	1	0.700	0.000000	0.000000	0.000000	0:00:00.121634
30	3	1	0.900	0.000000	0.000000	0.000000	0:00:00.125074
30	3	1	0.999	0.000000	0.000000	0.000000	0:00:00.124912
30	3	3	0.100	0.037037	0.009276	0.014837	0:00:00.121870
30	3	3	0.300	0.037037	0.009276	0.014837	0:00:00.123752
30	3	3	0.500	0.037037	0.009276	0.014837	0:00:00.125503
30	3	3	0.700	0.000000	0.000000	0.000000	0:00:00.129578
30	3	3	0.900	0.000000	0.000000	0.000000	0:00:00.129855
30	3	3	0.999	0.000000	0.000000	0.000000	0:00:00.123660
30	3	5	0.100	0.044444	0.005550	0.009868	0:00:00.126137
30	3	5	0.300	0.044444	0.005550	0.009868	0:00:00.127544
30	3	5	0.500	0.044444	0.005550	0.009868	0:00:00.122425
30	3	5	0.700	0.044444	0.005550	0.009868	0:00:00.125383
30	3	5	0.900	0.000000	0.000000	0.000000	0:00:00.180748
30	3	5	0.999	0.000000	0.000000	0.000000	0:00:00.125609
30	3	7	0.100	0.059259	0.005344	0.009804	0:00:00.131556
30	3	7	0.300	0.059259	0.005344	0.009804	0:00:00.128337
30	3	7	0.500	0.059259	0.005344	0.009804	0:00:00.132722
30	3	7	0.700	0.059259	0.005344	0.009804	0:00:00.127575
30	3	7	0.900	0.000000	0.000000	0.000000	0:00:00.128832
30	3	7	0.999	0.000000	0.000000	0.000000	0:00:00.130988
30	5	1	0.100	0.000000	0.000000	0.000000	0:00:00.130256
30	5	1	0.300	0.000000	0.000000	0.000000	0:00:00.126435
30	5	1	0.500	0.000000	0.000000	0.000000	0:00:00.129853
30	5	1	0.700	0.000000	0.000000	0.000000	0:00:00.132654
30	5	1	0.900	0.000000	0.000000	0.000000	0:00:00.134111
30	5	1	0.999	0.000000	0.000000	0.000000	0:00:00.128700
30	5	3	0.100	0.029630	0.003448	0.006178	0:00:00.132353
30	5	3	0.300	0.029630	0.003448	0.006178	0:00:00.135175
30	5	3	0.500	0.029630	0.003448	0.006178	0:00:00.133434
30	5	3	0.700	0.000000	0.000000	0.000000	0:00:00.130796
30	5	3	0.900	0.000000	0.000000	0.000000	0:00:00.127355
30	5	3	0.999	0.000000	0.000000	0.000000	0:00:00.132708
30	5	5	0.100	0.044444	0.003797	0.006997	0:00:00.129937
30	5	5	0.300	0.044444	0.003797	0.006997	0:00:00.128595
30	5	5	0.500	0.044444	0.003797	0.006997	0:00:00.127353
30	5	5	0.700	0.044444	0.003797	0.006997	0:00:00.177897
30	5	5	0.900	0.000000	0.000000	0.000000	0:00:00.126925
30	5	5	0.999	0.000000	0.000000	0.000000	0:00:00.136943
30	5	7	0.100	0.044444	0.003266	0.006085	0:00:00.134235
30	5	7	0.300	0.044444	0.003266	0.006085	0:00:00.140655
30	5	7	0.500	0.044444	0.003266	0.006085	0:00:00.134889
30	5	7	0.700	0.044444	0.003266	0.006085	0:00:00.136269
30	5	7	0.900	0.000000	0.000000	0.000000	0:00:00.145975
30	5	7	0.999	0.000000	0.000000	0.000000	0:00:00.143663
30	10	1	0.100	0.000000	0.000000	0.000000	0:00:00.118774
30	10	1	0.300	0.000000	0.000000	0.000000	0:00:00.124857
30	10	1	0.500	0.000000	0.000000	0.000000	0:00:00.120672
30	10	1	0.700	0.000000	0.000000	0.000000	0:00:00.122353
30	10	1	0.900	0.000000	0.000000	0.000000	0:00:00.117845
30	10	1	0.999	0.000000	0.000000	0.000000	0:00:00.127834
30	10	3	0.100	0.022222	0.004438	0.007398	0:00:00.126512
30	10	3	0.300	0.022222	0.004438	0.007398	0:00:00.132927
30	10	3	0.500	0.022222	0.004438	0.007398	0:00:00.127510
30	10	3	0.700	0.000000	0.000000	0.000000	0:00:00.136499
30	10	3	0.900	0.000000	0.000000	0.000000	0:00:00.128272
30	10	3	0.999	0.000000	0.000000	0.000000	0:00:00.124181
30	10	5	0.100	0.029630	0.003914	0.006914	0:00:00.123999
30	10	5	0.300	0.029630	0.003914	0.006914	0:00:00.126302
30	10	5	0.500	0.029630	0.003914	0.006914	0:00:00.131679
30	10	5	0.700	0.029630	0.003914	0.006914	0:00:00.125105
30	10	5	0.900	0.000000	0.000000	0.000000	0:00:00.122380
30	10	5	0.999	0.000000	0.000000	0.000000	0:00:00.127334
30	10	7	0.100	0.037037	0.003956	0.007148	0:00:00.127803
30	10	7	0.300	0.037037	0.003956	0.007148	0:00:00.125426
30	10	7	0.500	0.037037	0.003956	0.007148	0:00:00.123009
30	10	7	0.700	0.037037	0.003956	0.007148	0:00:00.125850
30	10	7	0.900	0.000000	0.000000	0.000000	0:00:00.132131
30	10	7	0.999	0.000000	0.000000	0.000000	0:00:00.131034
30	20	1	0.100	0.000000	0.000000	0.000000	0:00:00.143144
30	20	1	0.300	0.000000	0.000000	0.000000	0:00:00.148523
30	20	1	0.500	0.000000	0.000000	0.000000	0:00:00.155308
30	20	1	0.700	0.000000	0.000000	0.000000	0:00:00.155173
30	20	1	0.900	0.000000	0.000000	0.000000	0:00:00.142938
30	20	1	0.999	0.000000	0.000000	0.000000	0:00:00.159225
30	20	3	0.100	0.022222	0.004438	0.007398	0:00:00.159329
30	20	3	0.300	0.022222	0.004438	0.007398	0:00:00.157470
30	20	3	0.500	0.022222	0.004438	0.007398	0:00:00.155306
30	20	3	0.700	0.000000	0.000000	0.000000	0:00:00.158603
30	20	3	0.900	0.000000	0.000000	0.000000	0:00:00.153355
30	20	3	0.999	0.000000	0.000000	0.000000	0:00:00.149184
30	20	5	0.100	0.029630	0.003914	0.006914	0:00:00.153077
30	20	5	0.300	0.029630	0.003914	0.006914	0:00:00.157056
30	20	5	0.500	0.029630	0.003914	0.006914	0:00:00.158449
30	20	5	0.700	0.029630	0.003914	0.006914	0:00:00.155522
30	20	5	0.900	0.000000	0.000000	0.000000	0:00:00.156813
30	20	5	0.999	0.000000	0.000000	0.000000	0:00:00.158802
30	20	7	0.100	0.037037	0.003956	0.007148	0:00:00.156517
30	20	7	0.300	0.037037	0.003956	0.007148	0:00:00.156006
30	20	7	0.500	0.037037	0.003956	0.007148	0:00:00.156530
30	20	7	0.700	0.037037	0.003956	0.007148	0:00:00.157630
30	20	7	0.900	0.000000	0.000000	0.000000	0:00:00.155825
30	20	7	0.999	0.000000	0.000000	0.000000	0:00:00.156687
30	30	1	0.100	0.000000	0.000000	0.000000	0:00:00.162484
30	30	1	0.300	0.000000	0.000000	0.000000	0:00:00.164511
30	30	1	0.500	0.000000	0.000000	0.000000	0:00:00.154788
30	30	1	0.700	0.000000	0.000000	0.000000	0:00:00.166350
30	30	1	0.900	0.000000	0.000000	0.000000	0:00:00.163991
30	30	1	0.999	0.000000	0.000000	0.000000	0:00:00.156290
30	30	3	0.100	0.022222	0.004438	0.007398	0:00:00.160607
30	30	3	0.300	0.022222	0.004438	0.007398	0:00:00.165110
30	30	3	0.500	0.022222	0.004438	0.007398	0:00:00.152831
30	30	3	0.700	0.000000	0.000000	0.000000	0:00:00.169291
30	30	3	0.900	0.000000	0.000000	0.000000	0:00:00.157898
30	30	3	0.999	0.000000	0.000000	0.000000	0:00:00.160436
30	30	5	0.100	0.029630	0.003914	0.006914	0:00:00.158872
30	30	5	0.300	0.029630	0.003914	0.006914	0:00:00.170479
30	30	5	0.500	0.029630	0.003914	0.006914	0:00:00.160060
30	30	5	0.700	0.029630	0.003914	0.006914	0:00:00.165239
30	30	5	0.900	0.000000	0.000000	0.000000	0:00:00.163320
30	30	5	0.999	0.000000	0.000000	0.000000	0:00:00.161289
30	30	7	0.100	0.037037	0.003956	0.007148	0:00:00.155402
30	30	7	0.300	0.037037	0.003956	0.007148	0:00:00.169207
30	30	7	0.500	0.037037	0.003956	0.007148	0:00:00.169787
30	30	7	0.700	0.037037	0.003956	0.007148	0:00:00.158159
30	30	7	0.900	0.000000	0.000000	0.000000	0:00:00.156493
30	30	7	0.999	0.000000	0.000000	0.000000	0:00:00.169511
