NumPreceeding	NumFollowing	NumNeighbors	Threshold	Recall	Precision	F-Score	Runtime
0	1	1	0.100	0.000000	0.000000	0.000000	0:00:00.095744
0	1	1	0.300	0.000000	0.000000	0.000000	0:00:00.067658
0	1	1	0.500	0.000000	0.000000	0.000000	0:00:00.077615
0	1	1	0.700	0.000000	0.000000	0.000000	0:00:00.066386
0	1	1	0.900	0.000000	0.000000	0.000000	0:00:00.068545
0	1	1	0.999	0.000000	0.000000	0.000000	0:00:00.136485
0	1	3	0.100	0.723684	0.055388	0.051450	0:00:00.073096
0	1	3	0.300	0.723684	0.055388	0.051450	0:00:00.071966
0	1	3	0.500	0.723684	0.055388	0.051450	0:00:00.081296
0	1	3	0.700	0.000000	0.000000	0.000000	0:00:00.074820
0	1	3	0.900	0.000000	0.000000	0.000000	0:00:00.077918
0	1	3	0.999	0.000000	0.000000	0.000000	0:00:00.086228
0	1	5	0.100	0.723684	0.049706	0.046512	0:00:00.078933
0	1	5	0.300	0.723684	0.049706	0.046512	0:00:00.077607
0	1	5	0.500	0.723684	0.049706	0.046512	0:00:00.089550
0	1	5	0.700	0.723684	0.049706	0.046512	0:00:00.096261
0	1	5	0.900	0.000000	0.000000	0.000000	0:00:00.092876
0	1	5	0.999	0.000000	0.000000	0.000000	0:00:00.094747
0	1	7	0.100	1.000000	0.061315	0.057773	0:00:00.078585
0	1	7	0.300	1.000000	0.061315	0.057773	0:00:00.077429
0	1	7	0.500	1.000000	0.061315	0.057773	0:00:00.083626
0	1	7	0.700	1.000000	0.061315	0.057773	0:00:00.077498
0	1	7	0.900	0.723684	0.050320	0.047049	0:00:00.080261
0	1	7	0.999	0.723684	0.050320	0.047049	0:00:00.090000
0	3	1	0.100	0.000000	0.000000	0.000000	0:00:00.116848
0	3	1	0.300	0.000000	0.000000	0.000000	0:00:00.112685
0	3	1	0.500	0.000000	0.000000	0.000000	0:00:00.117925
0	3	1	0.700	0.000000	0.000000	0.000000	0:00:00.117870
0	3	1	0.900	0.000000	0.000000	0.000000	0:00:00.111435
0	3	1	0.999	0.000000	0.000000	0.000000	0:00:00.113701
0	3	3	0.100	0.309211	0.014785	0.014110	0:00:00.118871
0	3	3	0.300	0.309211	0.014785	0.014110	0:00:00.118192
0	3	3	0.500	0.309211	0.014785	0.014110	0:00:00.122930
0	3	3	0.700	0.000000	0.000000	0.000000	0:00:00.122468
0	3	3	0.900	0.000000	0.000000	0.000000	0:00:00.121157
0	3	3	0.999	0.000000	0.000000	0.000000	0:00:00.121036
0	3	5	0.100	0.335526	0.015839	0.015125	0:00:00.129537
0	3	5	0.300	0.335526	0.015839	0.015125	0:00:00.174548
0	3	5	0.500	0.335526	0.015839	0.015125	0:00:00.120851
0	3	5	0.700	0.335526	0.015839	0.015125	0:00:00.128681
0	3	5	0.900	0.019737	0.002292	0.002053	0:00:00.124638
0	3	5	0.999	0.019737	0.002360	0.002108	0:00:00.125831
0	3	7	0.100	0.348684	0.006398	0.006283	0:00:00.122455
0	3	7	0.300	0.348684	0.006398	0.006283	0:00:00.127811
0	3	7	0.500	0.348684	0.006398	0.006283	0:00:00.123190
0	3	7	0.700	0.348684	0.006398	0.006283	0:00:00.120179
0	3	7	0.900	0.052632	0.004725	0.004336	0:00:00.119468
0	3	7	0.999	0.052632	0.005155	0.004695	0:00:00.126487
0	5	1	0.100	0.000000	0.000000	0.000000	0:00:00.124755
0	5	1	0.300	0.000000	0.000000	0.000000	0:00:00.120613
0	5	1	0.500	0.000000	0.000000	0.000000	0:00:00.120935
0	5	1	0.700	0.000000	0.000000	0.000000	0:00:00.123894
0	5	1	0.900	0.000000	0.000000	0.000000	0:00:00.125857
0	5	1	0.999	0.000000	0.000000	0.000000	0:00:00.123459
0	5	3	0.100	0.355263	0.008155	0.007972	0:00:00.130144
0	5	3	0.300	0.355263	0.008155	0.007972	0:00:00.132227
0	5	3	0.500	0.355263	0.008155	0.007972	0:00:00.139787
0	5	3	0.700	0.000000	0.000000	0.000000	0:00:00.129508
0	5	3	0.900	0.000000	0.000000	0.000000	0:00:00.129802
0	5	3	0.999	0.000000	0.000000	0.000000	0:00:00.134591
0	5	5	0.100	0.500000	0.010848	0.010617	0:00:00.128612
0	5	5	0.300	0.500000	0.010848	0.010617	0:00:00.141606
0	5	5	0.500	0.500000	0.010848	0.010617	0:00:00.127457
0	5	5	0.700	0.500000	0.010851	0.010620	0:00:00.189017
0	5	5	0.900	0.000000	0.000000	0.000000	0:00:00.139209
0	5	5	0.999	0.000000	0.000000	0.000000	0:00:00.127225
0	5	7	0.100	0.506579	0.010502	0.010289	0:00:00.134882
0	5	7	0.300	0.506579	0.010502	0.010289	0:00:00.135400
0	5	7	0.500	0.506579	0.010502	0.010289	0:00:00.134439
0	5	7	0.700	0.506579	0.010502	0.010289	0:00:00.139951
0	5	7	0.900	0.019737	0.000975	0.000929	0:00:00.139995
0	5	7	0.999	0.006579	0.000392	0.000370	0:00:00.133816
0	10	1	0.100	0.000000	0.000000	0.000000	0:00:00.129222
0	10	1	0.300	0.000000	0.000000	0.000000	0:00:00.131343
0	10	1	0.500	0.000000	0.000000	0.000000	0:00:00.140436
0	10	1	0.700	0.000000	0.000000	0.000000	0:00:00.133153
0	10	1	0.900	0.000000	0.000000	0.000000	0:00:00.127369
0	10	1	0.999	0.000000	0.000000	0.000000	0:00:00.137841
0	10	3	0.100	0.013158	0.006849	0.004505	0:00:00.141617
0	10	3	0.300	0.013158	0.006849	0.004505	0:00:00.149361
0	10	3	0.500	0.013158	0.006849	0.004505	0:00:00.147239
0	10	3	0.700	0.000000	0.000000	0.000000	0:00:00.161534
0	10	3	0.900	0.000000	0.000000	0.000000	0:00:00.140866
0	10	3	0.999	0.000000	0.000000	0.000000	0:00:00.141227
0	10	5	0.100	0.013158	0.003460	0.002740	0:00:00.145325
0	10	5	0.300	0.013158	0.003460	0.002740	0:00:00.150159
0	10	5	0.500	0.013158	0.003460	0.002740	0:00:00.200069
0	10	5	0.700	0.013158	0.003460	0.002740	0:00:00.153996
0	10	5	0.900	0.000000	0.000000	0.000000	0:00:00.148252
0	10	5	0.999	0.000000	0.000000	0.000000	0:00:00.148752
0	10	7	0.100	0.039474	0.004542	0.004073	0:00:00.144825
0	10	7	0.300	0.039474	0.004542	0.004073	0:00:00.173991
0	10	7	0.500	0.039474	0.004542	0.004073	0:00:00.149814
0	10	7	0.700	0.039474	0.004542	0.004073	0:00:00.146718
0	10	7	0.900	0.000000	0.000000	0.000000	0:00:00.148301
0	10	7	0.999	0.000000	0.000000	0.000000	0:00:00.152860
0	20	1	0.100	0.000000	0.000000	0.000000	0:00:00.161767
0	20	1	0.300	0.000000	0.000000	0.000000	0:00:00.163184
0	20	1	0.500	0.000000	0.000000	0.000000	0:00:00.152536
0	20	1	0.700	0.000000	0.000000	0.000000	0:00:00.160861
0	20	1	0.900	0.000000	0.000000	0.000000	0:00:00.158859
0	20	1	0.999	0.000000	0.000000	0.000000	0:00:00.164680
0	20	3	0.100	0.013158	0.006849	0.004505	0:00:00.160313
0	20	3	0.300	0.013158	0.006849	0.004505	0:00:00.166301
0	20	3	0.500	0.013158	0.006849	0.004505	0:00:00.173766
0	20	3	0.700	0.000000	0.000000	0.000000	0:00:00.169985
0	20	3	0.900	0.000000	0.000000	0.000000	0:00:00.162569
0	20	3	0.999	0.000000	0.000000	0.000000	0:00:00.170058
0	20	5	0.100	0.013158	0.003460	0.002740	0:00:00.166793
0	20	5	0.300	0.013158	0.003460	0.002740	0:00:00.170414
0	20	5	0.500	0.013158	0.003460	0.002740	0:00:00.168680
0	20	5	0.700	0.013158	0.003460	0.002740	0:00:00.165224
0	20	5	0.900	0.000000	0.000000	0.000000	0:00:00.174275
0	20	5	0.999	0.000000	0.000000	0.000000	0:00:00.173828
0	20	7	0.100	0.039474	0.004542	0.004073	0:00:00.168215
0	20	7	0.300	0.039474	0.004542	0.004073	0:00:00.178534
0	20	7	0.500	0.039474	0.004542	0.004073	0:00:00.169579
0	20	7	0.700	0.039474	0.004542	0.004073	0:00:00.170996
0	20	7	0.900	0.000000	0.000000	0.000000	0:00:00.174326
0	20	7	0.999	0.000000	0.000000	0.000000	0:00:00.170968
0	30	1	0.100	0.000000	0.000000	0.000000	0:00:00.236521
0	30	1	0.300	0.000000	0.000000	0.000000	0:00:00.235392
0	30	1	0.500	0.000000	0.000000	0.000000	0:00:00.235224
0	30	1	0.700	0.000000	0.000000	0.000000	0:00:00.234587
0	30	1	0.900	0.000000	0.000000	0.000000	0:00:00.232457
0	30	1	0.999	0.000000	0.000000	0.000000	0:00:00.236193
0	30	3	0.100	0.013158	0.006849	0.004505	0:00:00.234658
0	30	3	0.300	0.013158	0.006849	0.004505	0:00:00.241471
0	30	3	0.500	0.013158	0.006849	0.004505	0:00:00.240695
0	30	3	0.700	0.000000	0.000000	0.000000	0:00:00.238735
0	30	3	0.900	0.000000	0.000000	0.000000	0:00:00.235596
0	30	3	0.999	0.000000	0.000000	0.000000	0:00:00.241994
0	30	5	0.100	0.013158	0.003460	0.002740	0:00:00.236992
0	30	5	0.300	0.013158	0.003460	0.002740	0:00:00.251023
0	30	5	0.500	0.013158	0.003460	0.002740	0:00:00.238193
0	30	5	0.700	0.013158	0.003460	0.002740	0:00:00.237112
0	30	5	0.900	0.000000	0.000000	0.000000	0:00:00.246254
0	30	5	0.999	0.000000	0.000000	0.000000	0:00:00.239846
0	30	7	0.100	0.039474	0.004542	0.004073	0:00:00.248502
0	30	7	0.300	0.039474	0.004542	0.004073	0:00:00.294420
0	30	7	0.500	0.039474	0.004542	0.004073	0:00:00.245685
0	30	7	0.700	0.039474	0.004542	0.004073	0:00:00.232620
0	30	7	0.900	0.000000	0.000000	0.000000	0:00:00.244238
0	30	7	0.999	0.000000	0.000000	0.000000	0:00:00.244150
1	0	1	0.100	0.000000	0.000000	0.000000	0:00:00.072992
1	0	1	0.300	0.000000	0.000000	0.000000	0:00:00.070572
1	0	1	0.500	0.000000	0.000000	0.000000	0:00:00.081359
1	0	1	0.700	0.000000	0.000000	0.000000	0:00:00.073166
1	0	1	0.900	0.000000	0.000000	0.000000	0:00:00.070738
1	0	1	0.999	0.000000	0.000000	0.000000	0:00:00.069959
1	0	3	0.100	0.000000	0.000000	0.000000	0:00:00.076729
1	0	3	0.300	0.000000	0.000000	0.000000	0:00:00.079270
1	0	3	0.500	0.000000	0.000000	0.000000	0:00:00.079984
1	0	3	0.700	0.000000	0.000000	0.000000	0:00:00.072868
1	0	3	0.900	0.000000	0.000000	0.000000	0:00:00.073153
1	0	3	0.999	0.000000	0.000000	0.000000	0:00:00.076688
1	0	5	0.100	0.736842	0.048802	0.045770	0:00:00.084519
1	0	5	0.300	0.736842	0.048802	0.045770	0:00:00.086764
1	0	5	0.500	0.736842	0.048802	0.045770	0:00:00.089091
1	0	5	0.700	0.000000	0.000000	0.000000	0:00:00.078510
1	0	5	0.900	0.000000	0.000000	0.000000	0:00:00.077891
1	0	5	0.999	0.000000	0.000000	0.000000	0:00:00.090151
1	0	7	0.100	0.736842	0.048193	0.045234	0:00:00.076726
1	0	7	0.300	0.736842	0.048193	0.045234	0:00:00.085464
1	0	7	0.500	0.736842	0.048193	0.045234	0:00:00.081055
1	0	7	0.700	0.736842	0.048193	0.045234	0:00:00.077882
1	0	7	0.900	0.006579	0.010417	0.004032	0:00:00.075433
1	0	7	0.999	0.006579	0.010417	0.004032	0:00:00.081788
1	1	1	0.100	0.000000	0.000000	0.000000	0:00:00.093248
1	1	1	0.300	0.000000	0.000000	0.000000	0:00:00.097062
1	1	1	0.500	0.000000	0.000000	0.000000	0:00:00.096218
1	1	1	0.700	0.000000	0.000000	0.000000	0:00:00.101449
1	1	1	0.900	0.000000	0.000000	0.000000	0:00:00.097371
1	1	1	0.999	0.000000	0.000000	0.000000	0:00:00.102893
1	1	3	0.100	0.203947	0.080940	0.057944	0:00:00.113265
1	1	3	0.300	0.203947	0.080940	0.057944	0:00:00.108590
1	1	3	0.500	0.203947	0.080940	0.057944	0:00:00.107278
1	1	3	0.700	0.000000	0.000000	0.000000	0:00:00.100659
1	1	3	0.900	0.000000	0.000000	0.000000	0:00:00.115695
1	1	3	0.999	0.000000	0.000000	0.000000	0:00:00.113237
1	1	5	0.100	1.000000	0.060606	0.057143	0:00:00.105955
1	1	5	0.300	1.000000	0.060606	0.057143	0:00:00.109598
1	1	5	0.500	1.000000	0.060606	0.057143	0:00:00.111999
1	1	5	0.700	0.973684	0.077124	0.071463	0:00:00.121176
1	1	5	0.900	0.000000	0.000000	0.000000	0:00:00.106753
1	1	5	0.999	0.000000	0.000000	0.000000	0:00:00.113785
1	1	7	0.100	1.000000	0.055474	0.052559	0:00:00.161521
1	1	7	0.300	1.000000	0.055474	0.052559	0:00:00.121135
1	1	7	0.500	1.000000	0.055474	0.052559	0:00:00.109810
1	1	7	0.700	1.000000	0.055474	0.052559	0:00:00.111572
1	1	7	0.900	0.736842	0.182114	0.146023	0:00:00.105143
1	1	7	0.999	0.736842	0.202532	0.158865	0:00:00.107539
1	3	1	0.100	0.000000	0.000000	0.000000	0:00:00.095446
1	3	1	0.300	0.000000	0.000000	0.000000	0:00:00.085355
1	3	1	0.500	0.000000	0.000000	0.000000	0:00:00.089258
1	3	1	0.700	0.000000	0.000000	0.000000	0:00:00.094767
1	3	1	0.900	0.000000	0.000000	0.000000	0:00:00.081408
1	3	1	0.999	0.000000	0.000000	0.000000	0:00:00.086714
1	3	3	0.100	0.243421	0.013033	0.012370	0:00:00.097326
1	3	3	0.300	0.243421	0.013033	0.012370	0:00:00.089039
1	3	3	0.500	0.243421	0.013033	0.012370	0:00:00.094888
1	3	3	0.700	0.000000	0.000000	0.000000	0:00:00.102434
1	3	3	0.900	0.000000	0.000000	0.000000	0:00:00.093969
1	3	3	0.999	0.000000	0.000000	0.000000	0:00:00.103465
1	3	5	0.100	0.407895	0.013242	0.012826	0:00:00.097612
1	3	5	0.300	0.407895	0.013242	0.012826	0:00:00.092205
1	3	5	0.500	0.407895	0.013242	0.012826	0:00:00.101246
1	3	5	0.700	0.407895	0.013282	0.012863	0:00:00.092852
1	3	5	0.900	0.013158	0.010753	0.005917	0:00:00.102374
1	3	5	0.999	0.013158	0.011236	0.006061	0:00:00.096268
1	3	7	0.100	0.434211	0.007945	0.007802	0:00:00.100192
1	3	7	0.300	0.434211	0.007945	0.007802	0:00:00.095094
1	3	7	0.500	0.434211	0.007945	0.007802	0:00:00.102923
1	3	7	0.700	0.434211	0.007945	0.007802	0:00:00.107630
1	3	7	0.900	0.052632	0.002867	0.002719	0:00:00.103995
1	3	7	0.999	0.052632	0.002981	0.002821	0:00:00.103376
1	5	1	0.100	0.000000	0.000000	0.000000	0:00:00.120461
1	5	1	0.300	0.000000	0.000000	0.000000	0:00:00.120874
1	5	1	0.500	0.000000	0.000000	0.000000	0:00:00.120610
1	5	1	0.700	0.000000	0.000000	0.000000	0:00:00.117276
1	5	1	0.900	0.000000	0.000000	0.000000	0:00:00.120574
1	5	1	0.999	0.000000	0.000000	0.000000	0:00:00.113629
1	5	3	0.100	0.355263	0.008202	0.008017	0:00:00.133318
1	5	3	0.300	0.355263	0.008202	0.008017	0:00:00.121366
1	5	3	0.500	0.355263	0.008202	0.008017	0:00:00.123256
1	5	3	0.700	0.000000	0.000000	0.000000	0:00:00.119068
1	5	3	0.900	0.000000	0.000000	0.000000	0:00:00.130418
1	5	3	0.999	0.000000	0.000000	0.000000	0:00:00.122019
1	5	5	0.100	0.473684	0.010610	0.010378	0:00:00.124876
1	5	5	0.300	0.473684	0.010610	0.010378	0:00:00.119864
1	5	5	0.500	0.473684	0.010610	0.010378	0:00:00.130635
1	5	5	0.700	0.473684	0.010613	0.010381	0:00:00.121570
1	5	5	0.900	0.006579	0.000509	0.000473	0:00:00.126768
1	5	5	0.999	0.006579	0.000509	0.000473	0:00:00.125655
1	5	7	0.100	0.513158	0.010341	0.010136	0:00:00.128716
1	5	7	0.300	0.513158	0.010341	0.010136	0:00:00.123405
1	5	7	0.500	0.513158	0.010341	0.010136	0:00:00.126557
1	5	7	0.700	0.513158	0.010341	0.010136	0:00:00.123064
1	5	7	0.900	0.032895	0.001273	0.001225	0:00:00.137475
1	5	7	0.999	0.013158	0.000529	0.000509	0:00:00.126863
1	10	1	0.100	0.000000	0.000000	0.000000	0:00:00.149746
1	10	1	0.300	0.000000	0.000000	0.000000	0:00:00.146609
1	10	1	0.500	0.000000	0.000000	0.000000	0:00:00.145307
1	10	1	0.700	0.000000	0.000000	0.000000	0:00:00.141288
1	10	1	0.900	0.000000	0.000000	0.000000	0:00:00.213673
1	10	1	0.999	0.000000	0.000000	0.000000	0:00:00.143111
1	10	3	0.100	0.019737	0.008000	0.005693	0:00:00.155322
1	10	3	0.300	0.019737	0.008000	0.005693	0:00:00.153714
1	10	3	0.500	0.019737	0.008000	0.005693	0:00:00.160341
1	10	3	0.700	0.000000	0.000000	0.000000	0:00:00.151779
1	10	3	0.900	0.000000	0.000000	0.000000	0:00:00.162858
1	10	3	0.999	0.000000	0.000000	0.000000	0:00:00.160606
1	10	5	0.100	0.019737	0.005758	0.004458	0:00:00.167736
1	10	5	0.300	0.019737	0.005758	0.004458	0:00:00.161097
1	10	5	0.500	0.019737	0.005758	0.004458	0:00:00.166795
1	10	5	0.700	0.019737	0.005758	0.004458	0:00:00.159601
1	10	5	0.900	0.000000	0.000000	0.000000	0:00:00.156236
1	10	5	0.999	0.000000	0.000000	0.000000	0:00:00.160106
1	10	7	0.100	0.046053	0.006737	0.005877	0:00:00.165065
1	10	7	0.300	0.046053	0.006737	0.005877	0:00:00.154455
1	10	7	0.500	0.046053	0.006737	0.005877	0:00:00.171054
1	10	7	0.700	0.046053	0.006737	0.005877	0:00:00.155929
1	10	7	0.900	0.000000	0.000000	0.000000	0:00:00.165524
1	10	7	0.999	0.000000	0.000000	0.000000	0:00:00.160466
1	20	1	0.100	0.000000	0.000000	0.000000	0:00:00.199779
1	20	1	0.300	0.000000	0.000000	0.000000	0:00:00.189167
1	20	1	0.500	0.000000	0.000000	0.000000	0:00:00.211291
1	20	1	0.700	0.000000	0.000000	0.000000	0:00:00.188094
1	20	1	0.900	0.000000	0.000000	0.000000	0:00:00.199852
1	20	1	0.999	0.000000	0.000000	0.000000	0:00:00.188432
1	20	3	0.100	0.019737	0.008000	0.005693	0:00:00.200346
1	20	3	0.300	0.019737	0.008000	0.005693	0:00:00.212116
1	20	3	0.500	0.019737	0.008000	0.005693	0:00:00.199970
1	20	3	0.700	0.000000	0.000000	0.000000	0:00:00.208277
1	20	3	0.900	0.000000	0.000000	0.000000	0:00:00.198659
1	20	3	0.999	0.000000	0.000000	0.000000	0:00:00.199793
1	20	5	0.100	0.019737	0.005758	0.004458	0:00:00.215531
1	20	5	0.300	0.019737	0.005758	0.004458	0:00:00.198290
1	20	5	0.500	0.019737	0.005758	0.004458	0:00:00.214153
1	20	5	0.700	0.019737	0.005758	0.004458	0:00:00.193405
1	20	5	0.900	0.000000	0.000000	0.000000	0:00:00.200883
1	20	5	0.999	0.000000	0.000000	0.000000	0:00:00.204263
1	20	7	0.100	0.046053	0.006737	0.005877	0:00:00.200091
1	20	7	0.300	0.046053	0.006737	0.005877	0:00:00.214768
1	20	7	0.500	0.046053	0.006737	0.005877	0:00:00.271460
1	20	7	0.700	0.046053	0.006737	0.005877	0:00:00.212098
1	20	7	0.900	0.000000	0.000000	0.000000	0:00:00.200844
1	20	7	0.999	0.000000	0.000000	0.000000	0:00:00.198368
1	30	1	0.100	0.000000	0.000000	0.000000	0:00:00.259824
1	30	1	0.300	0.000000	0.000000	0.000000	0:00:00.240509
1	30	1	0.500	0.000000	0.000000	0.000000	0:00:00.245512
1	30	1	0.700	0.000000	0.000000	0.000000	0:00:00.239926
1	30	1	0.900	0.000000	0.000000	0.000000	0:00:00.241134
1	30	1	0.999	0.000000	0.000000	0.000000	0:00:00.241119
1	30	3	0.100	0.019737	0.008000	0.005693	0:00:00.246598
1	30	3	0.300	0.019737	0.008000	0.005693	0:00:00.240283
1	30	3	0.500	0.019737	0.008000	0.005693	0:00:00.254044
1	30	3	0.700	0.000000	0.000000	0.000000	0:00:00.249599
1	30	3	0.900	0.000000	0.000000	0.000000	0:00:00.249386
1	30	3	0.999	0.000000	0.000000	0.000000	0:00:00.245115
1	30	5	0.100	0.019737	0.005758	0.004458	0:00:00.255256
1	30	5	0.300	0.019737	0.005758	0.004458	0:00:00.246852
1	30	5	0.500	0.019737	0.005758	0.004458	0:00:00.251874
1	30	5	0.700	0.019737	0.005758	0.004458	0:00:00.244716
1	30	5	0.900	0.000000	0.000000	0.000000	0:00:00.249350
1	30	5	0.999	0.000000	0.000000	0.000000	0:00:00.240901
1	30	7	0.100	0.046053	0.006737	0.005877	0:00:00.248230
1	30	7	0.300	0.046053	0.006737	0.005877	0:00:00.248341
1	30	7	0.500	0.046053	0.006737	0.005877	0:00:00.253487
1	30	7	0.700	0.046053	0.006737	0.005877	0:00:00.246325
1	30	7	0.900	0.000000	0.000000	0.000000	0:00:00.249822
1	30	7	0.999	0.000000	0.000000	0.000000	0:00:00.247317
3	0	1	0.100	0.000000	0.000000	0.000000	0:00:00.114066
3	0	1	0.300	0.000000	0.000000	0.000000	0:00:00.118092
3	0	1	0.500	0.000000	0.000000	0.000000	0:00:00.106699
3	0	1	0.700	0.000000	0.000000	0.000000	0:00:00.122114
3	0	1	0.900	0.000000	0.000000	0.000000	0:00:00.170394
3	0	1	0.999	0.000000	0.000000	0.000000	0:00:00.125923
3	0	3	0.100	0.138158	0.027202	0.022727	0:00:00.122108
3	0	3	0.300	0.138158	0.027202	0.022727	0:00:00.116020
3	0	3	0.500	0.138158	0.027202	0.022727	0:00:00.116730
3	0	3	0.700	0.019737	0.075000	0.015625	0:00:00.121310
3	0	3	0.900	0.013158	0.083333	0.011364	0:00:00.114775
3	0	3	0.999	0.013158	0.086957	0.011429	0:00:00.126288
3	0	5	0.100	0.230263	0.029838	0.026415	0:00:00.119236
3	0	5	0.300	0.230263	0.029838	0.026415	0:00:00.125454
3	0	5	0.500	0.230263	0.029838	0.026415	0:00:00.122954
3	0	5	0.700	0.230263	0.030017	0.026555	0:00:00.128055
3	0	5	0.900	0.125000	0.060317	0.040685	0:00:00.128486
3	0	5	0.999	0.125000	0.060703	0.040860	0:00:00.131202
3	0	7	0.100	0.822368	0.045504	0.043118	0:00:00.130974
3	0	7	0.300	0.822368	0.045504	0.043118	0:00:00.120700
3	0	7	0.500	0.822368	0.045504	0.043118	0:00:00.121884
3	0	7	0.700	0.822368	0.045554	0.043163	0:00:00.126844
3	0	7	0.900	0.717105	0.058164	0.053801	0:00:00.120759
3	0	7	0.999	0.717105	0.058258	0.053880	0:00:00.120390
3	1	1	0.100	0.000000	0.000000	0.000000	0:00:00.090698
3	1	1	0.300	0.000000	0.000000	0.000000	0:00:00.082893
3	1	1	0.500	0.000000	0.000000	0.000000	0:00:00.095693
3	1	1	0.700	0.000000	0.000000	0.000000	0:00:00.080822
3	1	1	0.900	0.000000	0.000000	0.000000	0:00:00.081627
3	1	1	0.999	0.000000	0.000000	0.000000	0:00:00.095859
3	1	3	0.100	0.269737	0.065183	0.052497	0:00:00.146850
3	1	3	0.300	0.269737	0.065183	0.052497	0:00:00.100305
3	1	3	0.500	0.269737	0.065183	0.052497	0:00:00.088834
3	1	3	0.700	0.151316	0.103139	0.061333	0:00:00.087769
3	1	3	0.900	0.151316	0.111111	0.064067	0:00:00.096858
3	1	3	0.999	0.151316	0.111111	0.064067	0:00:00.090079
3	1	5	0.100	0.914474	0.082249	0.075461	0:00:00.104646
3	1	5	0.300	0.914474	0.082249	0.075461	0:00:00.103851
3	1	5	0.500	0.914474	0.082249	0.075461	0:00:00.096874
3	1	5	0.700	0.914474	0.093856	0.085119	0:00:00.090379
3	1	5	0.900	0.177632	0.071053	0.050752	0:00:00.103781
3	1	5	0.999	0.177632	0.071053	0.050752	0:00:00.105874
3	1	7	0.100	1.000000	0.053824	0.051075	0:00:00.092471
3	1	7	0.300	1.000000	0.053824	0.051075	0:00:00.098259
3	1	7	0.500	1.000000	0.053824	0.051075	0:00:00.094464
3	1	7	0.700	1.000000	0.053824	0.051075	0:00:00.096144
3	1	7	0.900	0.861842	0.143326	0.122889	0:00:00.115399
3	1	7	0.999	0.861842	0.143798	0.123236	0:00:00.103212
3	3	1	0.100	0.000000	0.000000	0.000000	0:00:00.123773
3	3	1	0.300	0.000000	0.000000	0.000000	0:00:00.111016
3	3	1	0.500	0.000000	0.000000	0.000000	0:00:00.121298
3	3	1	0.700	0.000000	0.000000	0.000000	0:00:00.125006
3	3	1	0.900	0.000000	0.000000	0.000000	0:00:00.120590
3	3	1	0.999	0.000000	0.000000	0.000000	0:00:00.168058
3	3	3	0.100	0.368421	0.024380	0.022866	0:00:00.130166
3	3	3	0.300	0.368421	0.024380	0.022866	0:00:00.119024
3	3	3	0.500	0.368421	0.024380	0.022866	0:00:00.123144
3	3	3	0.700	0.026316	0.093023	0.020513	0:00:00.119871
3	3	3	0.900	0.026316	0.111111	0.021277	0:00:00.131731
3	3	3	0.999	0.026316	0.111111	0.021277	0:00:00.118162
3	3	5	0.100	0.434211	0.010861	0.010596	0:00:00.125078
3	3	5	0.300	0.434211	0.010861	0.010596	0:00:00.120004
3	3	5	0.500	0.434211	0.010861	0.010596	0:00:00.128887
3	3	5	0.700	0.434211	0.010862	0.010597	0:00:00.118858
3	3	5	0.900	0.052632	0.008830	0.007561	0:00:00.123629
3	3	5	0.999	0.052632	0.008840	0.007569	0:00:00.135286
3	3	7	0.100	0.789474	0.014493	0.014231	0:00:00.132882
3	3	7	0.300	0.789474	0.014493	0.014231	0:00:00.130176
3	3	7	0.500	0.789474	0.014493	0.014231	0:00:00.127180
3	3	7	0.700	0.789474	0.014493	0.014231	0:00:00.126795
3	3	7	0.900	0.065789	0.007062	0.006378	0:00:00.130951
3	3	7	0.999	0.065789	0.007210	0.006498	0:00:00.125394
3	5	1	0.100	0.000000	0.000000	0.000000	0:00:00.106239
3	5	1	0.300	0.000000	0.000000	0.000000	0:00:00.106837
3	5	1	0.500	0.000000	0.000000	0.000000	0:00:00.099122
3	5	1	0.700	0.000000	0.000000	0.000000	0:00:00.109718
3	5	1	0.900	0.000000	0.000000	0.000000	0:00:00.104245
3	5	1	0.999	0.000000	0.000000	0.000000	0:00:00.114646
3	5	3	0.100	0.407895	0.009243	0.009038	0:00:00.119938
3	5	3	0.300	0.407895	0.009243	0.009038	0:00:00.120560
3	5	3	0.500	0.407895	0.009243	0.009038	0:00:00.110645
3	5	3	0.700	0.000000	0.000000	0.000000	0:00:00.114811
3	5	3	0.900	0.000000	0.000000	0.000000	0:00:00.113074
3	5	3	0.999	0.000000	0.000000	0.000000	0:00:00.109021
3	5	5	0.100	0.703947	0.014777	0.014473	0:00:00.129941
3	5	5	0.300	0.703947	0.014777	0.014473	0:00:00.117328
3	5	5	0.500	0.703947	0.014777	0.014473	0:00:00.107372
3	5	5	0.700	0.703947	0.014779	0.014475	0:00:00.126112
3	5	5	0.900	0.013158	0.000775	0.000732	0:00:00.119926
3	5	5	0.999	0.013158	0.000775	0.000732	0:00:00.112583
3	5	7	0.100	0.750000	0.013240	0.013011	0:00:00.109942
3	5	7	0.300	0.750000	0.013240	0.013011	0:00:00.118412
3	5	7	0.500	0.750000	0.013240	0.013011	0:00:00.117776
3	5	7	0.700	0.750000	0.013240	0.013011	0:00:00.115346
3	5	7	0.900	0.105263	0.003951	0.003808	0:00:00.113723
3	5	7	0.999	0.105263	0.003975	0.003831	0:00:00.124659
3	10	1	0.100	0.000000	0.000000	0.000000	0:00:00.167691
3	10	1	0.300	0.000000	0.000000	0.000000	0:00:00.168950
3	10	1	0.500	0.000000	0.000000	0.000000	0:00:00.154678
3	10	1	0.700	0.000000	0.000000	0.000000	0:00:00.162832
3	10	1	0.900	0.000000	0.000000	0.000000	0:00:00.153973
3	10	1	0.999	0.000000	0.000000	0.000000	0:00:00.166011
3	10	3	0.100	0.026316	0.005355	0.004449	0:00:00.170910
3	10	3	0.300	0.026316	0.005355	0.004449	0:00:00.174856
3	10	3	0.500	0.026316	0.005355	0.004449	0:00:00.163969
3	10	3	0.700	0.000000	0.000000	0.000000	0:00:00.175202
3	10	3	0.900	0.000000	0.000000	0.000000	0:00:00.169472
3	10	3	0.999	0.000000	0.000000	0.000000	0:00:00.163116
3	10	5	0.100	0.039474	0.004158	0.003762	0:00:00.166825
3	10	5	0.300	0.039474	0.004158	0.003762	0:00:00.168994
3	10	5	0.500	0.039474	0.004158	0.003762	0:00:00.165364
3	10	5	0.700	0.039474	0.004158	0.003762	0:00:00.170072
3	10	5	0.900	0.000000	0.000000	0.000000	0:00:00.173787
3	10	5	0.999	0.000000	0.000000	0.000000	0:00:00.180335
3	10	7	0.100	0.171053	0.009555	0.009050	0:00:00.172615
3	10	7	0.300	0.171053	0.009555	0.009050	0:00:00.176874
3	10	7	0.500	0.171053	0.009555	0.009050	0:00:00.163589
3	10	7	0.700	0.171053	0.009555	0.009050	0:00:00.178377
3	10	7	0.900	0.000000	0.000000	0.000000	0:00:00.172655
3	10	7	0.999	0.000000	0.000000	0.000000	0:00:00.175236
3	20	1	0.100	0.000000	0.000000	0.000000	0:00:00.206938
3	20	1	0.300	0.000000	0.000000	0.000000	0:00:00.208735
3	20	1	0.500	0.000000	0.000000	0.000000	0:00:00.211224
3	20	1	0.700	0.000000	0.000000	0.000000	0:00:00.195578
3	20	1	0.900	0.000000	0.000000	0.000000	0:00:00.198025
3	20	1	0.999	0.000000	0.000000	0.000000	0:00:00.204137
3	20	3	0.100	0.026316	0.005355	0.004449	0:00:00.212118
3	20	3	0.300	0.026316	0.005355	0.004449	0:00:00.204485
3	20	3	0.500	0.026316	0.005355	0.004449	0:00:00.208215
3	20	3	0.700	0.000000	0.000000	0.000000	0:00:00.207772
3	20	3	0.900	0.000000	0.000000	0.000000	0:00:00.227672
3	20	3	0.999	0.000000	0.000000	0.000000	0:00:00.208701
3	20	5	0.100	0.039474	0.004158	0.003762	0:00:00.213706
3	20	5	0.300	0.039474	0.004158	0.003762	0:00:00.212481
3	20	5	0.500	0.039474	0.004158	0.003762	0:00:00.215799
3	20	5	0.700	0.039474	0.004158	0.003762	0:00:00.201575
3	20	5	0.900	0.000000	0.000000	0.000000	0:00:00.219868
3	20	5	0.999	0.000000	0.000000	0.000000	0:00:00.225669
3	20	7	0.100	0.171053	0.009555	0.009050	0:00:00.211322
3	20	7	0.300	0.171053	0.009555	0.009050	0:00:00.219251
3	20	7	0.500	0.171053	0.009555	0.009050	0:00:00.204824
3	20	7	0.700	0.171053	0.009555	0.009050	0:00:00.218913
3	20	7	0.900	0.000000	0.000000	0.000000	0:00:00.213062
3	20	7	0.999	0.000000	0.000000	0.000000	0:00:00.215341
3	30	1	0.100	0.000000	0.000000	0.000000	0:00:00.263276
3	30	1	0.300	0.000000	0.000000	0.000000	0:00:00.248926
3	30	1	0.500	0.000000	0.000000	0.000000	0:00:00.250074
3	30	1	0.700	0.000000	0.000000	0.000000	0:00:00.240333
3	30	1	0.900	0.000000	0.000000	0.000000	0:00:00.242185
3	30	1	0.999	0.000000	0.000000	0.000000	0:00:00.246181
3	30	3	0.100	0.026316	0.005355	0.004449	0:00:00.255982
3	30	3	0.300	0.026316	0.005355	0.004449	0:00:00.248172
3	30	3	0.500	0.026316	0.005355	0.004449	0:00:00.257289
3	30	3	0.700	0.000000	0.000000	0.000000	0:00:00.303478
3	30	3	0.900	0.000000	0.000000	0.000000	0:00:00.249376
3	30	3	0.999	0.000000	0.000000	0.000000	0:00:00.254293
3	30	5	0.100	0.039474	0.004158	0.003762	0:00:00.272004
3	30	5	0.300	0.039474	0.004158	0.003762	0:00:00.260392
3	30	5	0.500	0.039474	0.004158	0.003762	0:00:00.260273
3	30	5	0.700	0.039474	0.004158	0.003762	0:00:00.268339
3	30	5	0.900	0.000000	0.000000	0.000000	0:00:00.252895
3	30	5	0.999	0.000000	0.000000	0.000000	0:00:00.252633
3	30	7	0.100	0.171053	0.009555	0.009050	0:00:00.253341
3	30	7	0.300	0.171053	0.009555	0.009050	0:00:00.258492
3	30	7	0.500	0.171053	0.009555	0.009050	0:00:00.256124
3	30	7	0.700	0.171053	0.009555	0.009050	0:00:00.253517
3	30	7	0.900	0.000000	0.000000	0.000000	0:00:00.249260
3	30	7	0.999	0.000000	0.000000	0.000000	0:00:00.271070
5	0	1	0.100	0.000000	0.000000	0.000000	0:00:00.119791
5	0	1	0.300	0.000000	0.000000	0.000000	0:00:00.118709
5	0	1	0.500	0.000000	0.000000	0.000000	0:00:00.118385
5	0	1	0.700	0.000000	0.000000	0.000000	0:00:00.128197
5	0	1	0.900	0.000000	0.000000	0.000000	0:00:00.117554
5	0	1	0.999	0.000000	0.000000	0.000000	0:00:00.119471
5	0	3	0.100	0.315789	0.038647	0.034433	0:00:00.124422
5	0	3	0.300	0.315789	0.038647	0.034433	0:00:00.130763
5	0	3	0.500	0.315789	0.038647	0.034433	0:00:00.122170
5	0	3	0.700	0.013158	0.021739	0.008197	0:00:00.125111
5	0	3	0.900	0.006579	0.012346	0.004292	0:00:00.123020
5	0	3	0.999	0.006579	0.012346	0.004292	0:00:00.129169
5	0	5	0.100	0.914474	0.047684	0.045321	0:00:00.124167
5	0	5	0.300	0.914474	0.047684	0.045321	0:00:00.130216
5	0	5	0.500	0.914474	0.047684	0.045321	0:00:00.123536
5	0	5	0.700	0.914474	0.047799	0.045425	0:00:00.134787
5	0	5	0.900	0.236842	0.046036	0.038544	0:00:00.124571
5	0	5	0.999	0.236842	0.046036	0.038544	0:00:00.126695
5	0	7	0.100	0.960526	0.038371	0.036897	0:00:00.126834
5	0	7	0.300	0.960526	0.038371	0.036897	0:00:00.132795
5	0	7	0.500	0.960526	0.038371	0.036897	0:00:00.129064
5	0	7	0.700	0.960526	0.038371	0.036897	0:00:00.130923
5	0	7	0.900	0.848684	0.045295	0.043000	0:00:00.126180
5	0	7	0.999	0.848684	0.045327	0.043029	0:00:00.132888
5	1	1	0.100	0.000000	0.000000	0.000000	0:00:00.116981
5	1	1	0.300	0.000000	0.000000	0.000000	0:00:00.112182
5	1	1	0.500	0.000000	0.000000	0.000000	0:00:00.109765
5	1	1	0.700	0.000000	0.000000	0.000000	0:00:00.134581
5	1	1	0.900	0.000000	0.000000	0.000000	0:00:00.112910
5	1	1	0.999	0.000000	0.000000	0.000000	0:00:00.112102
5	1	3	0.100	0.618421	0.069322	0.062334	0:00:00.125003
5	1	3	0.300	0.618421	0.069322	0.062334	0:00:00.131864
5	1	3	0.500	0.618421	0.069322	0.062334	0:00:00.123757
5	1	3	0.700	0.269737	0.081349	0.062500	0:00:00.122615
5	1	3	0.900	0.269737	0.083164	0.063566	0:00:00.130657
5	1	3	0.999	0.269737	0.083164	0.063566	0:00:00.142489
5	1	5	0.100	0.986842	0.062060	0.058388	0:00:00.123499
5	1	5	0.300	0.986842	0.062060	0.058388	0:00:00.128718
5	1	5	0.500	0.986842	0.062060	0.058388	0:00:00.121537
5	1	5	0.700	0.986842	0.062266	0.058571	0:00:00.130567
5	1	5	0.900	0.460526	0.057190	0.050872	0:00:00.124591
5	1	5	0.999	0.460526	0.057190	0.050872	0:00:00.133113
5	1	7	0.100	1.000000	0.045659	0.043666	0:00:00.127860
5	1	7	0.300	1.000000	0.045659	0.043666	0:00:00.201168
5	1	7	0.500	1.000000	0.045659	0.043666	0:00:00.130351
5	1	7	0.700	1.000000	0.045659	0.043666	0:00:00.135665
5	1	7	0.900	0.986842	0.074184	0.068997	0:00:00.140431
5	1	7	0.999	0.986842	0.074184	0.068997	0:00:00.139285
5	3	1	0.100	0.000000	0.000000	0.000000	0:00:00.108438
5	3	1	0.300	0.000000	0.000000	0.000000	0:00:00.107001
5	3	1	0.500	0.000000	0.000000	0.000000	0:00:00.110696
5	3	1	0.700	0.000000	0.000000	0.000000	0:00:00.110620
5	3	1	0.900	0.000000	0.000000	0.000000	0:00:00.102966
5	3	1	0.999	0.000000	0.000000	0.000000	0:00:00.102481
5	3	3	0.100	0.809211	0.042753	0.040607	0:00:00.117465
5	3	3	0.300	0.809211	0.042753	0.040607	0:00:00.125368
5	3	3	0.500	0.809211	0.042753	0.040607	0:00:00.111400
5	3	3	0.700	0.085526	0.075581	0.040123	0:00:00.121613
5	3	3	0.900	0.059211	0.081818	0.034351	0:00:00.116438
5	3	3	0.999	0.059211	0.081818	0.034351	0:00:00.125549
5	3	5	0.100	0.921053	0.018945	0.018563	0:00:00.114303
5	3	5	0.300	0.921053	0.018945	0.018563	0:00:00.127522
5	3	5	0.500	0.921053	0.018945	0.018563	0:00:00.115465
5	3	5	0.700	0.921053	0.018945	0.018563	0:00:00.121870
5	3	5	0.900	0.164474	0.021422	0.018954	0:00:00.112337
5	3	5	0.999	0.164474	0.021422	0.018954	0:00:00.108866
5	3	7	0.100	0.980263	0.016226	0.015961	0:00:00.112555
5	3	7	0.300	0.980263	0.016226	0.015961	0:00:00.126426
5	3	7	0.500	0.980263	0.016226	0.015961	0:00:00.128822
5	3	7	0.700	0.980263	0.016226	0.015961	0:00:00.113150
5	3	7	0.900	0.276316	0.021191	0.019681	0:00:00.117898
5	3	7	0.999	0.269737	0.020865	0.019367	0:00:00.130212
5	5	1	0.100	0.000000	0.000000	0.000000	0:00:00.136554
5	5	1	0.300	0.000000	0.000000	0.000000	0:00:00.134612
5	5	1	0.500	0.000000	0.000000	0.000000	0:00:00.131242
5	5	1	0.700	0.000000	0.000000	0.000000	0:00:00.139418
5	5	1	0.900	0.000000	0.000000	0.000000	0:00:00.138719
5	5	1	0.999	0.000000	0.000000	0.000000	0:00:00.139189
5	5	3	0.100	0.776316	0.016094	0.015767	0:00:00.140569
5	5	3	0.300	0.776316	0.016094	0.015767	0:00:00.152667
5	5	3	0.500	0.776316	0.016094	0.015767	0:00:00.144155
5	5	3	0.700	0.177632	0.010822	0.010200	0:00:00.137582
5	5	3	0.900	0.157895	0.009792	0.009220	0:00:00.151917
5	5	3	0.999	0.157895	0.009792	0.009220	0:00:00.206059
5	5	5	0.100	0.802632	0.013743	0.013512	0:00:00.147480
5	5	5	0.300	0.802632	0.013743	0.013512	0:00:00.168156
5	5	5	0.500	0.802632	0.013743	0.013512	0:00:00.145836
5	5	5	0.700	0.802632	0.013743	0.013512	0:00:00.150260
5	5	5	0.900	0.236842	0.008495	0.008200	0:00:00.141886
5	5	5	0.999	0.236842	0.008495	0.008200	0:00:00.154409
5	5	7	0.100	0.815789	0.012785	0.012588	0:00:00.142250
5	5	7	0.300	0.815789	0.012785	0.012588	0:00:00.169497
5	5	7	0.500	0.815789	0.012785	0.012588	0:00:00.155263
5	5	7	0.700	0.815789	0.012785	0.012588	0:00:00.149337
5	5	7	0.900	0.473684	0.012559	0.012234	0:00:00.143961
5	5	7	0.999	0.467105	0.012461	0.012137	0:00:00.158480
5	10	1	0.100	0.000000	0.000000	0.000000	0:00:00.168800
5	10	1	0.300	0.000000	0.000000	0.000000	0:00:00.167312
5	10	1	0.500	0.000000	0.000000	0.000000	0:00:00.168427
5	10	1	0.700	0.000000	0.000000	0.000000	0:00:00.163991
5	10	1	0.900	0.000000	0.000000	0.000000	0:00:00.162231
5	10	1	0.999	0.000000	0.000000	0.000000	0:00:00.174347
5	10	3	0.100	0.098684	0.006196	0.005830	0:00:00.173542
5	10	3	0.300	0.098684	0.006196	0.005830	0:00:00.182869
5	10	3	0.500	0.098684	0.006196	0.005830	0:00:00.177030
5	10	3	0.700	0.006579	0.002959	0.002041	0:00:00.181459
5	10	3	0.900	0.006579	0.002959	0.002041	0:00:00.168836
5	10	3	0.999	0.006579	0.002959	0.002041	0:00:00.187722
5	10	5	0.100	0.223684	0.008781	0.008449	0:00:00.170861
5	10	5	0.300	0.223684	0.008781	0.008449	0:00:00.180715
5	10	5	0.500	0.223684	0.008781	0.008449	0:00:00.176499
5	10	5	0.700	0.223684	0.008781	0.008449	0:00:00.191146
5	10	5	0.900	0.013158	0.002339	0.001986	0:00:00.180144
5	10	5	0.999	0.013158	0.002339	0.001986	0:00:00.180314
5	10	7	0.100	0.427632	0.011769	0.011454	0:00:00.180898
5	10	7	0.300	0.427632	0.011769	0.011454	0:00:00.247989
5	10	7	0.500	0.427632	0.011769	0.011454	0:00:00.171945
5	10	7	0.700	0.427632	0.011769	0.011454	0:00:00.185816
5	10	7	0.900	0.026316	0.002365	0.002170	0:00:00.185127
5	10	7	0.999	0.026316	0.002365	0.002170	0:00:00.180162
5	20	1	0.100	0.000000	0.000000	0.000000	0:00:00.233849
5	20	1	0.300	0.000000	0.000000	0.000000	0:00:00.214238
5	20	1	0.500	0.000000	0.000000	0.000000	0:00:00.221212
5	20	1	0.700	0.000000	0.000000	0.000000	0:00:00.222343
5	20	1	0.900	0.000000	0.000000	0.000000	0:00:00.202643
5	20	1	0.999	0.000000	0.000000	0.000000	0:00:00.218494
5	20	3	0.100	0.098684	0.006196	0.005830	0:00:00.218363
5	20	3	0.300	0.098684	0.006196	0.005830	0:00:00.228123
5	20	3	0.500	0.098684	0.006196	0.005830	0:00:00.217300
5	20	3	0.700	0.006579	0.002959	0.002041	0:00:00.215103
5	20	3	0.900	0.006579	0.002959	0.002041	0:00:00.226829
5	20	3	0.999	0.006579	0.002959	0.002041	0:00:00.218790
5	20	5	0.100	0.223684	0.008781	0.008449	0:00:00.229637
5	20	5	0.300	0.223684	0.008781	0.008449	0:00:00.219009
5	20	5	0.500	0.223684	0.008781	0.008449	0:00:00.238633
5	20	5	0.700	0.223684	0.008781	0.008449	0:00:00.215815
5	20	5	0.900	0.013158	0.002339	0.001986	0:00:00.220784
5	20	5	0.999	0.013158	0.002339	0.001986	0:00:00.211751
5	20	7	0.100	0.427632	0.011769	0.011454	0:00:00.221107
5	20	7	0.300	0.427632	0.011769	0.011454	0:00:00.223005
5	20	7	0.500	0.427632	0.011769	0.011454	0:00:00.234838
5	20	7	0.700	0.427632	0.011769	0.011454	0:00:00.283639
5	20	7	0.900	0.026316	0.002365	0.002170	0:00:00.220799
5	20	7	0.999	0.026316	0.002365	0.002170	0:00:00.231492
5	30	1	0.100	0.000000	0.000000	0.000000	0:00:00.265208
5	30	1	0.300	0.000000	0.000000	0.000000	0:00:00.258164
5	30	1	0.500	0.000000	0.000000	0.000000	0:00:00.254287
5	30	1	0.700	0.000000	0.000000	0.000000	0:00:00.262519
5	30	1	0.900	0.000000	0.000000	0.000000	0:00:00.259815
5	30	1	0.999	0.000000	0.000000	0.000000	0:00:00.260653
5	30	3	0.100	0.098684	0.006196	0.005830	0:00:00.264102
5	30	3	0.300	0.098684	0.006196	0.005830	0:00:00.266607
5	30	3	0.500	0.098684	0.006196	0.005830	0:00:00.261887
5	30	3	0.700	0.006579	0.002959	0.002041	0:00:00.254785
5	30	3	0.900	0.006579	0.002959	0.002041	0:00:00.264278
5	30	3	0.999	0.006579	0.002959	0.002041	0:00:00.266247
5	30	5	0.100	0.223684	0.008781	0.008449	0:00:00.264318
5	30	5	0.300	0.223684	0.008781	0.008449	0:00:00.265772
5	30	5	0.500	0.223684	0.008781	0.008449	0:00:00.276922
5	30	5	0.700	0.223684	0.008781	0.008449	0:00:00.258842
5	30	5	0.900	0.013158	0.002339	0.001986	0:00:00.264064
5	30	5	0.999	0.013158	0.002339	0.001986	0:00:00.256891
5	30	7	0.100	0.427632	0.011769	0.011454	0:00:00.285691
5	30	7	0.300	0.427632	0.011769	0.011454	0:00:00.261786
5	30	7	0.500	0.427632	0.011769	0.011454	0:00:00.312450
5	30	7	0.700	0.427632	0.011769	0.011454	0:00:00.264122
5	30	7	0.900	0.026316	0.002365	0.002170	0:00:00.276549
5	30	7	0.999	0.026316	0.002365	0.002170	0:00:00.268534
10	0	1	0.100	0.000000	0.000000	0.000000	0:00:00.128790
10	0	1	0.300	0.000000	0.000000	0.000000	0:00:00.131228
10	0	1	0.500	0.000000	0.000000	0.000000	0:00:00.141492
10	0	1	0.700	0.000000	0.000000	0.000000	0:00:00.154039
10	0	1	0.900	0.000000	0.000000	0.000000	0:00:00.132629
10	0	1	0.999	0.000000	0.000000	0.000000	0:00:00.142747
10	0	3	0.100	0.013158	0.041667	0.010000	0:00:00.147761
10	0	3	0.300	0.013158	0.041667	0.010000	0:00:00.147046
10	0	3	0.500	0.013158	0.041667	0.010000	0:00:00.144185
10	0	3	0.700	0.000000	0.000000	0.000000	0:00:00.151843
10	0	3	0.900	0.000000	0.000000	0.000000	0:00:00.140038
10	0	3	0.999	0.000000	0.000000	0.000000	0:00:00.149435
10	0	5	0.100	0.046053	0.049645	0.023891	0:00:00.153273
10	0	5	0.300	0.046053	0.049645	0.023891	0:00:00.155625
10	0	5	0.500	0.046053	0.049645	0.023891	0:00:00.142685
10	0	5	0.700	0.046053	0.049645	0.023891	0:00:00.141022
10	0	5	0.900	0.000000	0.000000	0.000000	0:00:00.152253
10	0	5	0.999	0.000000	0.000000	0.000000	0:00:00.153328
10	0	7	0.100	0.092105	0.031111	0.023256	0:00:00.144805
10	0	7	0.300	0.092105	0.031111	0.023256	0:00:00.142887
10	0	7	0.500	0.092105	0.031111	0.023256	0:00:00.155518
10	0	7	0.700	0.092105	0.031111	0.023256	0:00:00.148076
10	0	7	0.900	0.006579	0.026316	0.005263	0:00:00.143531
10	0	7	0.999	0.006579	0.026316	0.005263	0:00:00.162777
10	1	1	0.100	0.000000	0.000000	0.000000	0:00:00.150097
10	1	1	0.300	0.000000	0.000000	0.000000	0:00:00.157975
10	1	1	0.500	0.000000	0.000000	0.000000	0:00:00.157587
10	1	1	0.700	0.000000	0.000000	0.000000	0:00:00.158707
10	1	1	0.900	0.000000	0.000000	0.000000	0:00:00.143870
10	1	1	0.999	0.000000	0.000000	0.000000	0:00:00.147953
10	1	3	0.100	0.098684	0.030488	0.023292	0:00:00.152165
10	1	3	0.300	0.098684	0.030488	0.023292	0:00:00.163431
10	1	3	0.500	0.098684	0.030488	0.023292	0:00:00.158754
10	1	3	0.700	0.006579	0.142857	0.006289	0:00:00.160448
10	1	3	0.900	0.006579	0.142857	0.006289	0:00:00.161196
10	1	3	0.999	0.006579	0.142857	0.006289	0:00:00.164297
10	1	5	0.100	0.342105	0.063337	0.053443	0:00:00.161726
10	1	5	0.300	0.342105	0.063337	0.053443	0:00:00.159558
10	1	5	0.500	0.342105	0.063337	0.053443	0:00:00.151594
10	1	5	0.700	0.342105	0.063337	0.053443	0:00:00.162312
10	1	5	0.900	0.026316	0.029851	0.013986	0:00:00.156826
10	1	5	0.999	0.026316	0.029851	0.013986	0:00:00.157658
10	1	7	0.100	0.940789	0.113854	0.101563	0:00:00.164876
10	1	7	0.300	0.940789	0.113854	0.101563	0:00:00.167359
10	1	7	0.500	0.940789	0.113854	0.101563	0:00:00.161121
10	1	7	0.700	0.940789	0.113854	0.101563	0:00:00.164105
10	1	7	0.900	0.046053	0.024823	0.016129	0:00:00.169892
10	1	7	0.999	0.046053	0.024823	0.016129	0:00:00.161627
10	3	1	0.100	0.000000	0.000000	0.000000	0:00:00.159720
10	3	1	0.300	0.000000	0.000000	0.000000	0:00:00.166762
10	3	1	0.500	0.000000	0.000000	0.000000	0:00:00.164248
10	3	1	0.700	0.000000	0.000000	0.000000	0:00:00.162505
10	3	1	0.900	0.000000	0.000000	0.000000	0:00:00.159438
10	3	1	0.999	0.000000	0.000000	0.000000	0:00:00.162456
10	3	3	0.100	0.098684	0.014925	0.012965	0:00:00.169630
10	3	3	0.300	0.098684	0.014925	0.012965	0:00:00.183435
10	3	3	0.500	0.098684	0.014925	0.012965	0:00:00.162270
10	3	3	0.700	0.026316	0.086957	0.020202	0:00:00.169149
10	3	3	0.900	0.026316	0.086957	0.020202	0:00:00.163824
10	3	3	0.999	0.026316	0.086957	0.020202	0:00:00.172827
10	3	5	0.100	0.263158	0.013089	0.012469	0:00:00.172880
10	3	5	0.300	0.263158	0.013089	0.012469	0:00:00.173566
10	3	5	0.500	0.263158	0.013089	0.012469	0:00:00.169930
10	3	5	0.700	0.263158	0.013089	0.012469	0:00:00.177028
10	3	5	0.900	0.059211	0.046154	0.025937	0:00:00.175204
10	3	5	0.999	0.059211	0.046154	0.025937	0:00:00.171998
10	3	7	0.100	0.651316	0.022706	0.021941	0:00:00.180557
10	3	7	0.300	0.651316	0.022706	0.021941	0:00:00.179191
10	3	7	0.500	0.651316	0.022706	0.021941	0:00:00.177888
10	3	7	0.700	0.651316	0.022706	0.021941	0:00:00.181340
10	3	7	0.900	0.190789	0.065463	0.048739	0:00:00.165507
10	3	7	0.999	0.190789	0.065463	0.048739	0:00:00.166914
10	5	1	0.100	0.000000	0.000000	0.000000	0:00:00.162033
10	5	1	0.300	0.000000	0.000000	0.000000	0:00:00.174382
10	5	1	0.500	0.000000	0.000000	0.000000	0:00:00.167822
10	5	1	0.700	0.000000	0.000000	0.000000	0:00:00.171016
10	5	1	0.900	0.000000	0.000000	0.000000	0:00:00.160317
10	5	1	0.999	0.000000	0.000000	0.000000	0:00:00.175583
10	5	3	0.100	0.421053	0.012350	0.011998	0:00:00.169782
10	5	3	0.300	0.421053	0.012350	0.011998	0:00:00.190810
10	5	3	0.500	0.421053	0.012350	0.011998	0:00:00.175501
10	5	3	0.700	0.013158	0.002296	0.001955	0:00:00.179553
10	5	3	0.900	0.013158	0.002296	0.001955	0:00:00.171531
10	5	3	0.999	0.013158	0.002296	0.001955	0:00:00.177811
10	5	5	0.100	0.730263	0.016780	0.016403	0:00:00.179971
10	5	5	0.300	0.730263	0.016780	0.016403	0:00:00.185154
10	5	5	0.500	0.730263	0.016780	0.016403	0:00:00.179668
10	5	5	0.700	0.730263	0.016780	0.016403	0:00:00.182378
10	5	5	0.900	0.059211	0.003609	0.003401	0:00:00.183370
10	5	5	0.999	0.059211	0.003609	0.003401	0:00:00.181754
10	5	7	0.100	0.782895	0.015852	0.015537	0:00:00.179124
10	5	7	0.300	0.782895	0.015852	0.015537	0:00:00.183999
10	5	7	0.500	0.782895	0.015852	0.015537	0:00:00.178589
10	5	7	0.700	0.782895	0.015852	0.015537	0:00:00.183494
10	5	7	0.900	0.197368	0.008183	0.007858	0:00:00.171221
10	5	7	0.999	0.197368	0.008183	0.007858	0:00:00.182395
10	10	1	0.100	0.000000	0.000000	0.000000	0:00:00.148646
10	10	1	0.300	0.000000	0.000000	0.000000	0:00:00.158084
10	10	1	0.500	0.000000	0.000000	0.000000	0:00:00.227662
10	10	1	0.700	0.000000	0.000000	0.000000	0:00:00.152167
10	10	1	0.900	0.000000	0.000000	0.000000	0:00:00.160208
10	10	1	0.999	0.000000	0.000000	0.000000	0:00:00.159556
10	10	3	0.100	0.059211	0.003651	0.003439	0:00:00.169506
10	10	3	0.300	0.059211	0.003651	0.003439	0:00:00.168962
10	10	3	0.500	0.059211	0.003651	0.003439	0:00:00.176099
10	10	3	0.700	0.000000	0.000000	0.000000	0:00:00.158216
10	10	3	0.900	0.000000	0.000000	0.000000	0:00:00.171496
10	10	3	0.999	0.000000	0.000000	0.000000	0:00:00.173931
10	10	5	0.100	0.164474	0.006674	0.006414	0:00:00.174236
10	10	5	0.300	0.164474	0.006674	0.006414	0:00:00.168893
10	10	5	0.500	0.164474	0.006674	0.006414	0:00:00.176328
10	10	5	0.700	0.164474	0.006674	0.006414	0:00:00.160047
10	10	5	0.900	0.013158	0.002907	0.002381	0:00:00.174114
10	10	5	0.999	0.013158	0.002907	0.002381	0:00:00.171074
10	10	7	0.100	0.348684	0.010724	0.010404	0:00:00.181253
10	10	7	0.300	0.348684	0.010724	0.010404	0:00:00.176444
10	10	7	0.500	0.348684	0.010724	0.010404	0:00:00.183801
10	10	7	0.700	0.348684	0.010724	0.010404	0:00:00.172946
10	10	7	0.900	0.032895	0.003453	0.003125	0:00:00.174462
10	10	7	0.999	0.032895	0.003453	0.003125	0:00:00.161535
10	20	1	0.100	0.000000	0.000000	0.000000	0:00:00.230151
10	20	1	0.300	0.000000	0.000000	0.000000	0:00:00.226093
10	20	1	0.500	0.000000	0.000000	0.000000	0:00:00.228223
10	20	1	0.700	0.000000	0.000000	0.000000	0:00:00.232530
10	20	1	0.900	0.000000	0.000000	0.000000	0:00:00.218057
10	20	1	0.999	0.000000	0.000000	0.000000	0:00:00.229383
10	20	3	0.100	0.059211	0.003651	0.003439	0:00:00.228766
10	20	3	0.300	0.059211	0.003651	0.003439	0:00:00.232689
10	20	3	0.500	0.059211	0.003651	0.003439	0:00:00.238478
10	20	3	0.700	0.000000	0.000000	0.000000	0:00:00.241890
10	20	3	0.900	0.000000	0.000000	0.000000	0:00:00.243869
10	20	3	0.999	0.000000	0.000000	0.000000	0:00:00.228824
10	20	5	0.100	0.164474	0.006674	0.006414	0:00:00.240082
10	20	5	0.300	0.164474	0.006674	0.006414	0:00:00.231480
10	20	5	0.500	0.164474	0.006674	0.006414	0:00:00.244165
10	20	5	0.700	0.164474	0.006674	0.006414	0:00:00.237537
10	20	5	0.900	0.013158	0.002907	0.002381	0:00:00.238914
10	20	5	0.999	0.013158	0.002907	0.002381	0:00:00.245802
10	20	7	0.100	0.348684	0.010724	0.010404	0:00:00.243776
10	20	7	0.300	0.348684	0.010724	0.010404	0:00:00.249789
10	20	7	0.500	0.348684	0.010724	0.010404	0:00:00.236740
10	20	7	0.700	0.348684	0.010724	0.010404	0:00:00.247835
10	20	7	0.900	0.032895	0.003453	0.003125	0:00:00.240806
10	20	7	0.999	0.032895	0.003453	0.003125	0:00:00.233686
10	30	1	0.100	0.000000	0.000000	0.000000	0:00:00.260543
10	30	1	0.300	0.000000	0.000000	0.000000	0:00:00.250845
10	30	1	0.500	0.000000	0.000000	0.000000	0:00:00.241578
10	30	1	0.700	0.000000	0.000000	0.000000	0:00:00.250047
10	30	1	0.900	0.000000	0.000000	0.000000	0:00:00.239838
10	30	1	0.999	0.000000	0.000000	0.000000	0:00:00.239387
10	30	3	0.100	0.059211	0.003651	0.003439	0:00:00.254243
10	30	3	0.300	0.059211	0.003651	0.003439	0:00:00.249746
10	30	3	0.500	0.059211	0.003651	0.003439	0:00:00.249685
10	30	3	0.700	0.000000	0.000000	0.000000	0:00:00.247230
10	30	3	0.900	0.000000	0.000000	0.000000	0:00:00.250403
10	30	3	0.999	0.000000	0.000000	0.000000	0:00:00.246555
10	30	5	0.100	0.164474	0.006674	0.006414	0:00:00.320500
10	30	5	0.300	0.164474	0.006674	0.006414	0:00:00.251160
10	30	5	0.500	0.164474	0.006674	0.006414	0:00:00.265784
10	30	5	0.700	0.164474	0.006674	0.006414	0:00:00.256101
10	30	5	0.900	0.013158	0.002907	0.002381	0:00:00.252667
10	30	5	0.999	0.013158	0.002907	0.002381	0:00:00.248233
10	30	7	0.100	0.348684	0.010724	0.010404	0:00:00.281048
10	30	7	0.300	0.348684	0.010724	0.010404	0:00:00.293237
10	30	7	0.500	0.348684	0.010724	0.010404	0:00:00.253659
10	30	7	0.700	0.348684	0.010724	0.010404	0:00:00.257253
10	30	7	0.900	0.032895	0.003453	0.003125	0:00:00.249456
10	30	7	0.999	0.032895	0.003453	0.003125	0:00:00.251701
20	0	1	0.100	0.000000	0.000000	0.000000	0:00:00.156186
20	0	1	0.300	0.000000	0.000000	0.000000	0:00:00.157856
20	0	1	0.500	0.000000	0.000000	0.000000	0:00:00.157749
20	0	1	0.700	0.000000	0.000000	0.000000	0:00:00.174781
20	0	1	0.900	0.000000	0.000000	0.000000	0:00:00.154379
20	0	1	0.999	0.000000	0.000000	0.000000	0:00:00.165452
20	0	3	0.100	0.013158	0.041667	0.010000	0:00:00.164538
20	0	3	0.300	0.013158	0.041667	0.010000	0:00:00.163386
20	0	3	0.500	0.013158	0.041667	0.010000	0:00:00.168047
20	0	3	0.700	0.000000	0.000000	0.000000	0:00:00.169392
20	0	3	0.900	0.000000	0.000000	0.000000	0:00:00.163061
20	0	3	0.999	0.000000	0.000000	0.000000	0:00:00.180862
20	0	5	0.100	0.046053	0.049645	0.023891	0:00:00.168899
20	0	5	0.300	0.046053	0.049645	0.023891	0:00:00.174408
20	0	5	0.500	0.046053	0.049645	0.023891	0:00:00.169421
20	0	5	0.700	0.046053	0.049645	0.023891	0:00:00.177346
20	0	5	0.900	0.000000	0.000000	0.000000	0:00:00.164654
20	0	5	0.999	0.000000	0.000000	0.000000	0:00:00.167702
20	0	7	0.100	0.092105	0.031111	0.023256	0:00:00.168916
20	0	7	0.300	0.092105	0.031111	0.023256	0:00:00.176971
20	0	7	0.500	0.092105	0.031111	0.023256	0:00:00.171706
20	0	7	0.700	0.092105	0.031111	0.023256	0:00:00.171401
20	0	7	0.900	0.006579	0.026316	0.005263	0:00:00.165840
20	0	7	0.999	0.006579	0.026316	0.005263	0:00:00.172914
20	1	1	0.100	0.000000	0.000000	0.000000	0:00:00.195803
20	1	1	0.300	0.000000	0.000000	0.000000	0:00:00.206633
20	1	1	0.500	0.000000	0.000000	0.000000	0:00:00.194817
20	1	1	0.700	0.000000	0.000000	0.000000	0:00:00.197407
20	1	1	0.900	0.000000	0.000000	0.000000	0:00:00.259888
20	1	1	0.999	0.000000	0.000000	0.000000	0:00:00.192536
20	1	3	0.100	0.098684	0.030488	0.023292	0:00:00.229123
20	1	3	0.300	0.098684	0.030488	0.023292	0:00:00.217085
20	1	3	0.500	0.098684	0.030488	0.023292	0:00:00.241091
20	1	3	0.700	0.006579	0.142857	0.006289	0:00:00.218986
20	1	3	0.900	0.006579	0.142857	0.006289	0:00:00.211329
20	1	3	0.999	0.006579	0.142857	0.006289	0:00:00.204658
20	1	5	0.100	0.342105	0.063337	0.053443	0:00:00.203760
20	1	5	0.300	0.342105	0.063337	0.053443	0:00:00.210706
20	1	5	0.500	0.342105	0.063337	0.053443	0:00:00.215396
20	1	5	0.700	0.342105	0.063337	0.053443	0:00:00.200075
20	1	5	0.900	0.026316	0.029851	0.013986	0:00:00.225800
20	1	5	0.999	0.026316	0.029851	0.013986	0:00:00.245923
20	1	7	0.100	0.940789	0.113854	0.101563	0:00:00.263662
20	1	7	0.300	0.940789	0.113854	0.101563	0:00:00.219375
20	1	7	0.500	0.940789	0.113854	0.101563	0:00:00.223122
20	1	7	0.700	0.940789	0.113854	0.101563	0:00:00.203614
20	1	7	0.900	0.046053	0.024823	0.016129	0:00:00.214515
20	1	7	0.999	0.046053	0.024823	0.016129	0:00:00.210251
20	3	1	0.100	0.000000	0.000000	0.000000	0:00:00.200801
20	3	1	0.300	0.000000	0.000000	0.000000	0:00:00.216732
20	3	1	0.500	0.000000	0.000000	0.000000	0:00:00.203780
20	3	1	0.700	0.000000	0.000000	0.000000	0:00:00.207402
20	3	1	0.900	0.000000	0.000000	0.000000	0:00:00.206266
20	3	1	0.999	0.000000	0.000000	0.000000	0:00:00.200084
20	3	3	0.100	0.098684	0.014925	0.012965	0:00:00.210673
20	3	3	0.300	0.098684	0.014925	0.012965	0:00:00.213165
20	3	3	0.500	0.098684	0.014925	0.012965	0:00:00.212152
20	3	3	0.700	0.026316	0.086957	0.020202	0:00:00.218495
20	3	3	0.900	0.026316	0.086957	0.020202	0:00:00.211014
20	3	3	0.999	0.026316	0.086957	0.020202	0:00:00.218886
20	3	5	0.100	0.263158	0.013089	0.012469	0:00:00.259107
20	3	5	0.300	0.263158	0.013089	0.012469	0:00:00.206076
20	3	5	0.500	0.263158	0.013089	0.012469	0:00:00.225491
20	3	5	0.700	0.263158	0.013089	0.012469	0:00:00.208463
20	3	5	0.900	0.059211	0.046154	0.025937	0:00:00.221675
20	3	5	0.999	0.059211	0.046154	0.025937	0:00:00.209766
20	3	7	0.100	0.651316	0.022706	0.021941	0:00:00.218798
20	3	7	0.300	0.651316	0.022706	0.021941	0:00:00.214570
20	3	7	0.500	0.651316	0.022706	0.021941	0:00:00.214435
20	3	7	0.700	0.651316	0.022706	0.021941	0:00:00.213111
20	3	7	0.900	0.190789	0.065463	0.048739	0:00:00.219776
20	3	7	0.999	0.190789	0.065463	0.048739	0:00:00.222964
20	5	1	0.100	0.000000	0.000000	0.000000	0:00:00.214134
20	5	1	0.300	0.000000	0.000000	0.000000	0:00:00.229190
20	5	1	0.500	0.000000	0.000000	0.000000	0:00:00.212068
20	5	1	0.700	0.000000	0.000000	0.000000	0:00:00.225763
20	5	1	0.900	0.000000	0.000000	0.000000	0:00:00.207639
20	5	1	0.999	0.000000	0.000000	0.000000	0:00:00.227790
20	5	3	0.100	0.421053	0.012350	0.011998	0:00:00.219111
20	5	3	0.300	0.421053	0.012350	0.011998	0:00:00.217352
20	5	3	0.500	0.421053	0.012350	0.011998	0:00:00.225347
20	5	3	0.700	0.013158	0.002296	0.001955	0:00:00.223525
20	5	3	0.900	0.013158	0.002296	0.001955	0:00:00.227206
20	5	3	0.999	0.013158	0.002296	0.001955	0:00:00.216816
20	5	5	0.100	0.730263	0.016780	0.016403	0:00:00.215766
20	5	5	0.300	0.730263	0.016780	0.016403	0:00:00.228719
20	5	5	0.500	0.730263	0.016780	0.016403	0:00:00.292062
20	5	5	0.700	0.730263	0.016780	0.016403	0:00:00.227308
20	5	5	0.900	0.059211	0.003609	0.003401	0:00:00.235668
20	5	5	0.999	0.059211	0.003609	0.003401	0:00:00.216624
20	5	7	0.100	0.782895	0.015852	0.015537	0:00:00.236470
20	5	7	0.300	0.782895	0.015852	0.015537	0:00:00.232632
20	5	7	0.500	0.782895	0.015852	0.015537	0:00:00.232073
20	5	7	0.700	0.782895	0.015852	0.015537	0:00:00.238803
20	5	7	0.900	0.197368	0.008183	0.007858	0:00:00.233759
20	5	7	0.999	0.197368	0.008183	0.007858	0:00:00.227105
20	10	1	0.100	0.000000	0.000000	0.000000	0:00:00.220678
20	10	1	0.300	0.000000	0.000000	0.000000	0:00:00.222085
20	10	1	0.500	0.000000	0.000000	0.000000	0:00:00.222830
20	10	1	0.700	0.000000	0.000000	0.000000	0:00:00.233459
20	10	1	0.900	0.000000	0.000000	0.000000	0:00:00.225679
20	10	1	0.999	0.000000	0.000000	0.000000	0:00:00.240105
20	10	3	0.100	0.059211	0.003651	0.003439	0:00:00.241423
20	10	3	0.300	0.059211	0.003651	0.003439	0:00:00.225495
20	10	3	0.500	0.059211	0.003651	0.003439	0:00:00.243660
20	10	3	0.700	0.000000	0.000000	0.000000	0:00:00.226229
20	10	3	0.900	0.000000	0.000000	0.000000	0:00:00.233430
20	10	3	0.999	0.000000	0.000000	0.000000	0:00:00.229484
20	10	5	0.100	0.164474	0.006674	0.006414	0:00:00.243444
20	10	5	0.300	0.164474	0.006674	0.006414	0:00:00.286447
20	10	5	0.500	0.164474	0.006674	0.006414	0:00:00.230999
20	10	5	0.700	0.164474	0.006674	0.006414	0:00:00.229031
20	10	5	0.900	0.013158	0.002907	0.002381	0:00:00.243811
20	10	5	0.999	0.013158	0.002907	0.002381	0:00:00.239769
20	10	7	0.100	0.348684	0.010724	0.010404	0:00:00.233788
20	10	7	0.300	0.348684	0.010724	0.010404	0:00:00.242914
20	10	7	0.500	0.348684	0.010724	0.010404	0:00:00.235501
20	10	7	0.700	0.348684	0.010724	0.010404	0:00:00.237961
20	10	7	0.900	0.032895	0.003453	0.003125	0:00:00.244650
20	10	7	0.999	0.032895	0.003453	0.003125	0:00:00.236362
20	20	1	0.100	0.000000	0.000000	0.000000	0:00:00.238236
20	20	1	0.300	0.000000	0.000000	0.000000	0:00:00.245262
20	20	1	0.500	0.000000	0.000000	0.000000	0:00:00.241610
20	20	1	0.700	0.000000	0.000000	0.000000	0:00:00.240773
20	20	1	0.900	0.000000	0.000000	0.000000	0:00:00.248334
20	20	1	0.999	0.000000	0.000000	0.000000	0:00:00.252314
20	20	3	0.100	0.059211	0.003651	0.003439	0:00:00.257825
20	20	3	0.300	0.059211	0.003651	0.003439	0:00:00.254799
20	20	3	0.500	0.059211	0.003651	0.003439	0:00:00.260048
20	20	3	0.700	0.000000	0.000000	0.000000	0:00:00.250310
20	20	3	0.900	0.000000	0.000000	0.000000	0:00:00.250117
20	20	3	0.999	0.000000	0.000000	0.000000	0:00:00.252548
20	20	5	0.100	0.164474	0.006674	0.006414	0:00:00.251216
20	20	5	0.300	0.164474	0.006674	0.006414	0:00:00.254902
20	20	5	0.500	0.164474	0.006674	0.006414	0:00:00.259704
20	20	5	0.700	0.164474	0.006674	0.006414	0:00:00.262304
20	20	5	0.900	0.013158	0.002907	0.002381	0:00:00.254981
20	20	5	0.999	0.013158	0.002907	0.002381	0:00:00.249849
20	20	7	0.100	0.348684	0.010724	0.010404	0:00:00.256760
20	20	7	0.300	0.348684	0.010724	0.010404	0:00:00.255164
20	20	7	0.500	0.348684	0.010724	0.010404	0:00:00.253239
20	20	7	0.700	0.348684	0.010724	0.010404	0:00:00.257970
20	20	7	0.900	0.032895	0.003453	0.003125	0:00:00.262067
20	20	7	0.999	0.032895	0.003453	0.003125	0:00:00.250547
20	30	1	0.100	0.000000	0.000000	0.000000	0:00:00.338310
20	30	1	0.300	0.000000	0.000000	0.000000	0:00:00.305696
20	30	1	0.500	0.000000	0.000000	0.000000	0:00:00.314064
20	30	1	0.700	0.000000	0.000000	0.000000	0:00:00.306906
20	30	1	0.900	0.000000	0.000000	0.000000	0:00:00.299996
20	30	1	0.999	0.000000	0.000000	0.000000	0:00:00.316872
20	30	3	0.100	0.059211	0.003651	0.003439	0:00:00.321419
20	30	3	0.300	0.059211	0.003651	0.003439	0:00:00.313197
20	30	3	0.500	0.059211	0.003651	0.003439	0:00:00.310233
20	30	3	0.700	0.000000	0.000000	0.000000	0:00:00.310225
20	30	3	0.900	0.000000	0.000000	0.000000	0:00:00.312039
20	30	3	0.999	0.000000	0.000000	0.000000	0:00:00.316556
20	30	5	0.100	0.164474	0.006674	0.006414	0:00:00.309982
20	30	5	0.300	0.164474	0.006674	0.006414	0:00:00.318079
20	30	5	0.500	0.164474	0.006674	0.006414	0:00:00.320776
20	30	5	0.700	0.164474	0.006674	0.006414	0:00:00.314928
20	30	5	0.900	0.013158	0.002907	0.002381	0:00:00.310940
20	30	5	0.999	0.013158	0.002907	0.002381	0:00:00.309229
20	30	7	0.100	0.348684	0.010724	0.010404	0:00:00.319025
20	30	7	0.300	0.348684	0.010724	0.010404	0:00:00.315131
20	30	7	0.500	0.348684	0.010724	0.010404	0:00:00.329806
20	30	7	0.700	0.348684	0.010724	0.010404	0:00:00.319785
20	30	7	0.900	0.032895	0.003453	0.003125	0:00:00.312919
20	30	7	0.999	0.032895	0.003453	0.003125	0:00:00.312278
30	0	1	0.100	0.000000	0.000000	0.000000	0:00:00.226767
30	0	1	0.300	0.000000	0.000000	0.000000	0:00:00.235573
30	0	1	0.500	0.000000	0.000000	0.000000	0:00:00.226641
30	0	1	0.700	0.000000	0.000000	0.000000	0:00:00.231134
30	0	1	0.900	0.000000	0.000000	0.000000	0:00:00.236641
30	0	1	0.999	0.000000	0.000000	0.000000	0:00:00.231602
30	0	3	0.100	0.013158	0.041667	0.010000	0:00:00.225929
30	0	3	0.300	0.013158	0.041667	0.010000	0:00:00.236967
30	0	3	0.500	0.013158	0.041667	0.010000	0:00:00.241955
30	0	3	0.700	0.000000	0.000000	0.000000	0:00:00.237814
30	0	3	0.900	0.000000	0.000000	0.000000	0:00:00.240074
30	0	3	0.999	0.000000	0.000000	0.000000	0:00:00.242623
30	0	5	0.100	0.046053	0.049645	0.023891	0:00:00.228440
30	0	5	0.300	0.046053	0.049645	0.023891	0:00:00.243771
30	0	5	0.500	0.046053	0.049645	0.023891	0:00:00.244014
30	0	5	0.700	0.046053	0.049645	0.023891	0:00:00.230058
30	0	5	0.900	0.000000	0.000000	0.000000	0:00:00.231635
30	0	5	0.999	0.000000	0.000000	0.000000	0:00:00.241750
30	0	7	0.100	0.092105	0.031111	0.023256	0:00:00.245047
30	0	7	0.300	0.092105	0.031111	0.023256	0:00:00.231253
30	0	7	0.500	0.092105	0.031111	0.023256	0:00:00.234318
30	0	7	0.700	0.092105	0.031111	0.023256	0:00:00.245079
30	0	7	0.900	0.006579	0.026316	0.005263	0:00:00.245729
30	0	7	0.999	0.006579	0.026316	0.005263	0:00:00.238708
30	1	1	0.100	0.000000	0.000000	0.000000	0:00:00.238714
30	1	1	0.300	0.000000	0.000000	0.000000	0:00:00.238918
30	1	1	0.500	0.000000	0.000000	0.000000	0:00:00.245321
30	1	1	0.700	0.000000	0.000000	0.000000	0:00:00.240864
30	1	1	0.900	0.000000	0.000000	0.000000	0:00:00.239749
30	1	1	0.999	0.000000	0.000000	0.000000	0:00:00.238993
30	1	3	0.100	0.098684	0.030488	0.023292	0:00:00.249412
30	1	3	0.300	0.098684	0.030488	0.023292	0:00:00.244560
30	1	3	0.500	0.098684	0.030488	0.023292	0:00:00.250742
30	1	3	0.700	0.006579	0.142857	0.006289	0:00:00.242487
30	1	3	0.900	0.006579	0.142857	0.006289	0:00:00.267316
30	1	3	0.999	0.006579	0.142857	0.006289	0:00:00.241926
30	1	5	0.100	0.342105	0.063337	0.053443	0:00:00.251478
30	1	5	0.300	0.342105	0.063337	0.053443	0:00:00.241244
30	1	5	0.500	0.342105	0.063337	0.053443	0:00:00.266443
30	1	5	0.700	0.342105	0.063337	0.053443	0:00:00.252421
30	1	5	0.900	0.026316	0.029851	0.013986	0:00:00.254007
30	1	5	0.999	0.026316	0.029851	0.013986	0:00:00.315211
30	1	7	0.100	0.940789	0.113854	0.101563	0:00:00.249719
30	1	7	0.300	0.940789	0.113854	0.101563	0:00:00.246156
30	1	7	0.500	0.940789	0.113854	0.101563	0:00:00.256053
30	1	7	0.700	0.940789	0.113854	0.101563	0:00:00.247193
30	1	7	0.900	0.046053	0.024823	0.016129	0:00:00.247569
30	1	7	0.999	0.046053	0.024823	0.016129	0:00:00.244280
30	3	1	0.100	0.000000	0.000000	0.000000	0:00:00.245311
30	3	1	0.300	0.000000	0.000000	0.000000	0:00:00.241106
30	3	1	0.500	0.000000	0.000000	0.000000	0:00:00.240954
30	3	1	0.700	0.000000	0.000000	0.000000	0:00:00.243812
30	3	1	0.900	0.000000	0.000000	0.000000	0:00:00.253096
30	3	1	0.999	0.000000	0.000000	0.000000	0:00:00.246337
30	3	3	0.100	0.098684	0.014925	0.012965	0:00:00.254528
30	3	3	0.300	0.098684	0.014925	0.012965	0:00:00.247467
30	3	3	0.500	0.098684	0.014925	0.012965	0:00:00.254614
30	3	3	0.700	0.026316	0.086957	0.020202	0:00:00.253344
30	3	3	0.900	0.026316	0.086957	0.020202	0:00:00.253142
30	3	3	0.999	0.026316	0.086957	0.020202	0:00:00.247262
30	3	5	0.100	0.263158	0.013089	0.012469	0:00:00.256783
30	3	5	0.300	0.263158	0.013089	0.012469	0:00:00.250889
30	3	5	0.500	0.263158	0.013089	0.012469	0:00:00.261578
30	3	5	0.700	0.263158	0.013089	0.012469	0:00:00.260312
30	3	5	0.900	0.059211	0.046154	0.025937	0:00:00.252144
30	3	5	0.999	0.059211	0.046154	0.025937	0:00:00.250532
30	3	7	0.100	0.651316	0.022706	0.021941	0:00:00.259219
30	3	7	0.300	0.651316	0.022706	0.021941	0:00:00.254540
30	3	7	0.500	0.651316	0.022706	0.021941	0:00:00.254755
30	3	7	0.700	0.651316	0.022706	0.021941	0:00:00.251176
30	3	7	0.900	0.190789	0.065463	0.048739	0:00:00.249726
30	3	7	0.999	0.190789	0.065463	0.048739	0:00:00.259912
30	5	1	0.100	0.000000	0.000000	0.000000	0:00:00.250270
30	5	1	0.300	0.000000	0.000000	0.000000	0:00:00.265107
30	5	1	0.500	0.000000	0.000000	0.000000	0:00:00.257829
30	5	1	0.700	0.000000	0.000000	0.000000	0:00:00.258776
30	5	1	0.900	0.000000	0.000000	0.000000	0:00:00.252891
30	5	1	0.999	0.000000	0.000000	0.000000	0:00:00.255393
30	5	3	0.100	0.421053	0.012350	0.011998	0:00:00.259957
30	5	3	0.300	0.421053	0.012350	0.011998	0:00:00.261486
30	5	3	0.500	0.421053	0.012350	0.011998	0:00:00.258801
30	5	3	0.700	0.013158	0.002296	0.001955	0:00:00.267996
30	5	3	0.900	0.013158	0.002296	0.001955	0:00:00.270531
30	5	3	0.999	0.013158	0.002296	0.001955	0:00:00.262348
30	5	5	0.100	0.730263	0.016780	0.016403	0:00:00.264686
30	5	5	0.300	0.730263	0.016780	0.016403	0:00:00.260956
30	5	5	0.500	0.730263	0.016780	0.016403	0:00:00.258884
30	5	5	0.700	0.730263	0.016780	0.016403	0:00:00.275688
30	5	5	0.900	0.059211	0.003609	0.003401	0:00:00.260437
30	5	5	0.999	0.059211	0.003609	0.003401	0:00:00.266215
30	5	7	0.100	0.782895	0.015852	0.015537	0:00:00.271153
30	5	7	0.300	0.782895	0.015852	0.015537	0:00:00.273575
30	5	7	0.500	0.782895	0.015852	0.015537	0:00:00.271290
30	5	7	0.700	0.782895	0.015852	0.015537	0:00:00.267768
30	5	7	0.900	0.197368	0.008183	0.007858	0:00:00.263778
30	5	7	0.999	0.197368	0.008183	0.007858	0:00:00.258173
30	10	1	0.100	0.000000	0.000000	0.000000	0:00:00.240920
30	10	1	0.300	0.000000	0.000000	0.000000	0:00:00.244252
30	10	1	0.500	0.000000	0.000000	0.000000	0:00:00.248826
30	10	1	0.700	0.000000	0.000000	0.000000	0:00:00.309075
30	10	1	0.900	0.000000	0.000000	0.000000	0:00:00.247129
30	10	1	0.999	0.000000	0.000000	0.000000	0:00:00.245651
30	10	3	0.100	0.059211	0.003651	0.003439	0:00:00.255805
30	10	3	0.300	0.059211	0.003651	0.003439	0:00:00.251940
30	10	3	0.500	0.059211	0.003651	0.003439	0:00:00.248263
30	10	3	0.700	0.000000	0.000000	0.000000	0:00:00.252435
30	10	3	0.900	0.000000	0.000000	0.000000	0:00:00.250733
30	10	3	0.999	0.000000	0.000000	0.000000	0:00:00.255567
30	10	5	0.100	0.164474	0.006674	0.006414	0:00:00.266314
30	10	5	0.300	0.164474	0.006674	0.006414	0:00:00.257802
30	10	5	0.500	0.164474	0.006674	0.006414	0:00:00.259864
30	10	5	0.700	0.164474	0.006674	0.006414	0:00:00.254935
30	10	5	0.900	0.013158	0.002907	0.002381	0:00:00.253356
30	10	5	0.999	0.013158	0.002907	0.002381	0:00:00.254743
30	10	7	0.100	0.348684	0.010724	0.010404	0:00:00.257889
30	10	7	0.300	0.348684	0.010724	0.010404	0:00:00.257379
30	10	7	0.500	0.348684	0.010724	0.010404	0:00:00.260360
30	10	7	0.700	0.348684	0.010724	0.010404	0:00:00.248797
30	10	7	0.900	0.032895	0.003453	0.003125	0:00:00.266429
30	10	7	0.999	0.032895	0.003453	0.003125	0:00:00.263464
30	20	1	0.100	0.000000	0.000000	0.000000	0:00:00.305896
30	20	1	0.300	0.000000	0.000000	0.000000	0:00:00.299825
30	20	1	0.500	0.000000	0.000000	0.000000	0:00:00.298114
30	20	1	0.700	0.000000	0.000000	0.000000	0:00:00.301326
30	20	1	0.900	0.000000	0.000000	0.000000	0:00:00.297738
30	20	1	0.999	0.000000	0.000000	0.000000	0:00:00.317409
30	20	3	0.100	0.059211	0.003651	0.003439	0:00:00.318307
30	20	3	0.300	0.059211	0.003651	0.003439	0:00:00.309310
30	20	3	0.500	0.059211	0.003651	0.003439	0:00:00.316761
30	20	3	0.700	0.000000	0.000000	0.000000	0:00:00.304514
30	20	3	0.900	0.000000	0.000000	0.000000	0:00:00.313721
30	20	3	0.999	0.000000	0.000000	0.000000	0:00:00.313918
30	20	5	0.100	0.164474	0.006674	0.006414	0:00:00.321519
30	20	5	0.300	0.164474	0.006674	0.006414	0:00:00.316544
30	20	5	0.500	0.164474	0.006674	0.006414	0:00:00.314589
30	20	5	0.700	0.164474	0.006674	0.006414	0:00:00.317808
30	20	5	0.900	0.013158	0.002907	0.002381	0:00:00.328205
30	20	5	0.999	0.013158	0.002907	0.002381	0:00:00.318470
30	20	7	0.100	0.348684	0.010724	0.010404	0:00:00.328236
30	20	7	0.300	0.348684	0.010724	0.010404	0:00:00.375781
30	20	7	0.500	0.348684	0.010724	0.010404	0:00:00.321025
30	20	7	0.700	0.348684	0.010724	0.010404	0:00:00.315401
30	20	7	0.900	0.032895	0.003453	0.003125	0:00:00.322318
30	20	7	0.999	0.032895	0.003453	0.003125	0:00:00.319850
30	30	1	0.100	0.000000	0.000000	0.000000	0:00:00.349022
30	30	1	0.300	0.000000	0.000000	0.000000	0:00:00.337433
30	30	1	0.500	0.000000	0.000000	0.000000	0:00:00.322014
30	30	1	0.700	0.000000	0.000000	0.000000	0:00:00.335989
30	30	1	0.900	0.000000	0.000000	0.000000	0:00:00.336233
30	30	1	0.999	0.000000	0.000000	0.000000	0:00:00.317917
30	30	3	0.100	0.059211	0.003651	0.003439	0:00:00.341555
30	30	3	0.300	0.059211	0.003651	0.003439	0:00:00.336021
30	30	3	0.500	0.059211	0.003651	0.003439	0:00:00.341740
30	30	3	0.700	0.000000	0.000000	0.000000	0:00:00.334663
30	30	3	0.900	0.000000	0.000000	0.000000	0:00:00.339846
30	30	3	0.999	0.000000	0.000000	0.000000	0:00:00.323916
30	30	5	0.100	0.164474	0.006674	0.006414	0:00:00.333360
30	30	5	0.300	0.164474	0.006674	0.006414	0:00:00.344764
30	30	5	0.500	0.164474	0.006674	0.006414	0:00:00.345158
30	30	5	0.700	0.164474	0.006674	0.006414	0:00:00.334927
30	30	5	0.900	0.013158	0.002907	0.002381	0:00:00.343123
30	30	5	0.999	0.013158	0.002907	0.002381	0:00:00.338405
30	30	7	0.100	0.348684	0.010724	0.010404	0:00:00.341678
30	30	7	0.300	0.348684	0.010724	0.010404	0:00:00.383061
30	30	7	0.500	0.348684	0.010724	0.010404	0:00:00.342668
30	30	7	0.700	0.348684	0.010724	0.010404	0:00:00.343206
30	30	7	0.900	0.032895	0.003453	0.003125	0:00:00.337871
30	30	7	0.999	0.032895	0.003453	0.003125	0:00:00.338946
