NumPreceeding	NumFollowing	NumNeighbors	Threshold	Recall	Precision	F-Score	Runtime
0	1	1	0.100	0.000000	0.000000	0.000000	0:00:00.123287
0	1	1	0.300	0.000000	0.000000	0.000000	0:00:00.081972
0	1	1	0.500	0.000000	0.000000	0.000000	0:00:00.101114
0	1	1	0.700	0.000000	0.000000	0.000000	0:00:00.079585
0	1	1	0.900	0.000000	0.000000	0.000000	0:00:00.096327
0	1	1	0.999	0.000000	0.000000	0.000000	0:00:00.151872
0	1	3	0.100	0.723684	0.055388	0.102900	0:00:00.118550
0	1	3	0.300	0.723684	0.055388	0.102900	0:00:00.106486
0	1	3	0.500	0.723684	0.055388	0.102900	0:00:00.091660
0	1	3	0.700	0.000000	0.000000	0.000000	0:00:00.096372
0	1	3	0.900	0.000000	0.000000	0.000000	0:00:00.078853
0	1	3	0.999	0.000000	0.000000	0.000000	0:00:00.075449
0	1	5	0.100	0.723684	0.049706	0.093023	0:00:00.103260
0	1	5	0.300	0.723684	0.049706	0.093023	0:00:00.096635
0	1	5	0.500	0.723684	0.049706	0.093023	0:00:00.095196
0	1	5	0.700	0.723684	0.049706	0.093023	0:00:00.083216
0	1	5	0.900	0.000000	0.000000	0.000000	0:00:00.075834
0	1	5	0.999	0.000000	0.000000	0.000000	0:00:00.076446
0	1	7	0.100	1.000000	0.061315	0.115545	0:00:00.087439
0	1	7	0.300	1.000000	0.061315	0.115545	0:00:00.080540
0	1	7	0.500	1.000000	0.061315	0.115545	0:00:00.075930
0	1	7	0.700	1.000000	0.061315	0.115545	0:00:00.088014
0	1	7	0.900	0.723684	0.050320	0.094098	0:00:00.082654
0	1	7	0.999	0.723684	0.050320	0.094098	0:00:00.097105
0	3	1	0.100	0.000000	0.000000	0.000000	0:00:00.133880
0	3	1	0.300	0.000000	0.000000	0.000000	0:00:00.109666
0	3	1	0.500	0.000000	0.000000	0.000000	0:00:00.129040
0	3	1	0.700	0.000000	0.000000	0.000000	0:00:00.118652
0	3	1	0.900	0.000000	0.000000	0.000000	0:00:00.120093
0	3	1	0.999	0.000000	0.000000	0.000000	0:00:00.113488
0	3	3	0.100	0.309211	0.014785	0.028220	0:00:00.143933
0	3	3	0.300	0.309211	0.014785	0.028220	0:00:00.134679
0	3	3	0.500	0.309211	0.014785	0.028220	0:00:00.128887
0	3	3	0.700	0.000000	0.000000	0.000000	0:00:00.140665
0	3	3	0.900	0.000000	0.000000	0.000000	0:00:00.147885
0	3	3	0.999	0.000000	0.000000	0.000000	0:00:00.118749
0	3	5	0.100	0.335526	0.015839	0.030249	0:00:00.127024
0	3	5	0.300	0.335526	0.015839	0.030249	0:00:00.175399
0	3	5	0.500	0.335526	0.015839	0.030249	0:00:00.122849
0	3	5	0.700	0.335526	0.015839	0.030249	0:00:00.120649
0	3	5	0.900	0.019737	0.002292	0.004107	0:00:00.121874
0	3	5	0.999	0.019737	0.002360	0.004216	0:00:00.136228
0	3	7	0.100	0.348684	0.006398	0.012565	0:00:00.120574
0	3	7	0.300	0.348684	0.006398	0.012565	0:00:00.124517
0	3	7	0.500	0.348684	0.006398	0.012565	0:00:00.122776
0	3	7	0.700	0.348684	0.006398	0.012565	0:00:00.139891
0	3	7	0.900	0.052632	0.004725	0.008672	0:00:00.125569
0	3	7	0.999	0.052632	0.005155	0.009390	0:00:00.145167
0	5	1	0.100	0.000000	0.000000	0.000000	0:00:00.141610
0	5	1	0.300	0.000000	0.000000	0.000000	0:00:00.129116
0	5	1	0.500	0.000000	0.000000	0.000000	0:00:00.144346
0	5	1	0.700	0.000000	0.000000	0.000000	0:00:00.134277
0	5	1	0.900	0.000000	0.000000	0.000000	0:00:00.121765
0	5	1	0.999	0.000000	0.000000	0.000000	0:00:00.118121
0	5	3	0.100	0.355263	0.008155	0.015943	0:00:00.133756
0	5	3	0.300	0.355263	0.008155	0.015943	0:00:00.138823
0	5	3	0.500	0.355263	0.008155	0.015943	0:00:00.132364
0	5	3	0.700	0.000000	0.000000	0.000000	0:00:00.129706
0	5	3	0.900	0.000000	0.000000	0.000000	0:00:00.124726
0	5	3	0.999	0.000000	0.000000	0.000000	0:00:00.133047
0	5	5	0.100	0.500000	0.010848	0.021235	0:00:00.131197
0	5	5	0.300	0.500000	0.010848	0.021235	0:00:00.126342
0	5	5	0.500	0.500000	0.010848	0.021235	0:00:00.129150
0	5	5	0.700	0.500000	0.010851	0.021241	0:00:00.180649
0	5	5	0.900	0.000000	0.000000	0.000000	0:00:00.146694
0	5	5	0.999	0.000000	0.000000	0.000000	0:00:00.142773
0	5	7	0.100	0.506579	0.010502	0.020577	0:00:00.139262
0	5	7	0.300	0.506579	0.010502	0.020577	0:00:00.139009
0	5	7	0.500	0.506579	0.010502	0.020577	0:00:00.148104
0	5	7	0.700	0.506579	0.010502	0.020577	0:00:00.134661
0	5	7	0.900	0.019737	0.000975	0.001859	0:00:00.151448
0	5	7	0.999	0.006579	0.000392	0.000739	0:00:00.146489
0	10	1	0.100	0.000000	0.000000	0.000000	0:00:00.180753
0	10	1	0.300	0.000000	0.000000	0.000000	0:00:00.146192
0	10	1	0.500	0.000000	0.000000	0.000000	0:00:00.167500
0	10	1	0.700	0.000000	0.000000	0.000000	0:00:00.182199
0	10	1	0.900	0.000000	0.000000	0.000000	0:00:00.184935
0	10	1	0.999	0.000000	0.000000	0.000000	0:00:00.158606
0	10	3	0.100	0.013158	0.006849	0.009009	0:00:00.177866
0	10	3	0.300	0.013158	0.006849	0.009009	0:00:00.157470
0	10	3	0.500	0.013158	0.006849	0.009009	0:00:00.154319
0	10	3	0.700	0.000000	0.000000	0.000000	0:00:00.140180
0	10	3	0.900	0.000000	0.000000	0.000000	0:00:00.155071
0	10	3	0.999	0.000000	0.000000	0.000000	0:00:00.142686
0	10	5	0.100	0.013158	0.003460	0.005479	0:00:00.160238
0	10	5	0.300	0.013158	0.003460	0.005479	0:00:00.180556
0	10	5	0.500	0.013158	0.003460	0.005479	0:00:00.294253
0	10	5	0.700	0.013158	0.003460	0.005479	0:00:00.173260
0	10	5	0.900	0.000000	0.000000	0.000000	0:00:00.169067
0	10	5	0.999	0.000000	0.000000	0.000000	0:00:00.162924
0	10	7	0.100	0.039474	0.004542	0.008147	0:00:00.158626
0	10	7	0.300	0.039474	0.004542	0.008147	0:00:00.140957
0	10	7	0.500	0.039474	0.004542	0.008147	0:00:00.149839
0	10	7	0.700	0.039474	0.004542	0.008147	0:00:00.156336
0	10	7	0.900	0.000000	0.000000	0.000000	0:00:00.169016
0	10	7	0.999	0.000000	0.000000	0.000000	0:00:00.153726
0	20	1	0.100	0.000000	0.000000	0.000000	0:00:00.200303
0	20	1	0.300	0.000000	0.000000	0.000000	0:00:00.291564
0	20	1	0.500	0.000000	0.000000	0.000000	0:00:00.197093
0	20	1	0.700	0.000000	0.000000	0.000000	0:00:00.174775
0	20	1	0.900	0.000000	0.000000	0.000000	0:00:00.172016
0	20	1	0.999	0.000000	0.000000	0.000000	0:00:00.183894
0	20	3	0.100	0.013158	0.006849	0.009009	0:00:00.173148
0	20	3	0.300	0.013158	0.006849	0.009009	0:00:00.180678
0	20	3	0.500	0.013158	0.006849	0.009009	0:00:00.181865
0	20	3	0.700	0.000000	0.000000	0.000000	0:00:00.168933
0	20	3	0.900	0.000000	0.000000	0.000000	0:00:00.172975
0	20	3	0.999	0.000000	0.000000	0.000000	0:00:00.182307
0	20	5	0.100	0.013158	0.003460	0.005479	0:00:00.167644
0	20	5	0.300	0.013158	0.003460	0.005479	0:00:00.188257
0	20	5	0.500	0.013158	0.003460	0.005479	0:00:00.253468
0	20	5	0.700	0.013158	0.003460	0.005479	0:00:00.183789
0	20	5	0.900	0.000000	0.000000	0.000000	0:00:00.197988
0	20	5	0.999	0.000000	0.000000	0.000000	0:00:00.170676
0	20	7	0.100	0.039474	0.004542	0.008147	0:00:00.299406
0	20	7	0.300	0.039474	0.004542	0.008147	0:00:00.171858
0	20	7	0.500	0.039474	0.004542	0.008147	0:00:00.179828
0	20	7	0.700	0.039474	0.004542	0.008147	0:00:00.166568
0	20	7	0.900	0.000000	0.000000	0.000000	0:00:00.280086
0	20	7	0.999	0.000000	0.000000	0.000000	0:00:00.212799
0	30	1	0.100	0.000000	0.000000	0.000000	0:00:00.256924
0	30	1	0.300	0.000000	0.000000	0.000000	0:00:00.251177
0	30	1	0.500	0.000000	0.000000	0.000000	0:00:00.235941
0	30	1	0.700	0.000000	0.000000	0.000000	0:00:00.252440
0	30	1	0.900	0.000000	0.000000	0.000000	0:00:00.242865
0	30	1	0.999	0.000000	0.000000	0.000000	0:00:00.247724
0	30	3	0.100	0.013158	0.006849	0.009009	0:00:00.239398
0	30	3	0.300	0.013158	0.006849	0.009009	0:00:00.257791
0	30	3	0.500	0.013158	0.006849	0.009009	0:00:00.341965
0	30	3	0.700	0.000000	0.000000	0.000000	0:00:00.237270
0	30	3	0.900	0.000000	0.000000	0.000000	0:00:00.235782
0	30	3	0.999	0.000000	0.000000	0.000000	0:00:00.232991
0	30	5	0.100	0.013158	0.003460	0.005479	0:00:00.242251
0	30	5	0.300	0.013158	0.003460	0.005479	0:00:00.244719
0	30	5	0.500	0.013158	0.003460	0.005479	0:00:00.248913
0	30	5	0.700	0.013158	0.003460	0.005479	0:00:00.240506
0	30	5	0.900	0.000000	0.000000	0.000000	0:00:00.230215
0	30	5	0.999	0.000000	0.000000	0.000000	0:00:00.261064
0	30	7	0.100	0.039474	0.004542	0.008147	0:00:00.246539
0	30	7	0.300	0.039474	0.004542	0.008147	0:00:00.267863
0	30	7	0.500	0.039474	0.004542	0.008147	0:00:00.238829
0	30	7	0.700	0.039474	0.004542	0.008147	0:00:00.368169
0	30	7	0.900	0.000000	0.000000	0.000000	0:00:00.263998
0	30	7	0.999	0.000000	0.000000	0.000000	0:00:00.238147
1	0	1	0.100	0.000000	0.000000	0.000000	0:00:00.069851
1	0	1	0.300	0.000000	0.000000	0.000000	0:00:00.069637
1	0	1	0.500	0.000000	0.000000	0.000000	0:00:00.074927
1	0	1	0.700	0.000000	0.000000	0.000000	0:00:00.076372
1	0	1	0.900	0.000000	0.000000	0.000000	0:00:00.079332
1	0	1	0.999	0.000000	0.000000	0.000000	0:00:00.071867
1	0	3	0.100	0.000000	0.000000	0.000000	0:00:00.081710
1	0	3	0.300	0.000000	0.000000	0.000000	0:00:00.075648
1	0	3	0.500	0.000000	0.000000	0.000000	0:00:00.076058
1	0	3	0.700	0.000000	0.000000	0.000000	0:00:00.072900
1	0	3	0.900	0.000000	0.000000	0.000000	0:00:00.073956
1	0	3	0.999	0.000000	0.000000	0.000000	0:00:00.086327
1	0	5	0.100	0.736842	0.048802	0.091541	0:00:00.076145
1	0	5	0.300	0.736842	0.048802	0.091541	0:00:00.076315
1	0	5	0.500	0.736842	0.048802	0.091541	0:00:00.081478
1	0	5	0.700	0.000000	0.000000	0.000000	0:00:00.074656
1	0	5	0.900	0.000000	0.000000	0.000000	0:00:00.075931
1	0	5	0.999	0.000000	0.000000	0.000000	0:00:00.089925
1	0	7	0.100	0.736842	0.048193	0.090468	0:00:00.086705
1	0	7	0.300	0.736842	0.048193	0.090468	0:00:00.090570
1	0	7	0.500	0.736842	0.048193	0.090468	0:00:00.085314
1	0	7	0.700	0.736842	0.048193	0.090468	0:00:00.076669
1	0	7	0.900	0.006579	0.010417	0.008065	0:00:00.084279
1	0	7	0.999	0.006579	0.010417	0.008065	0:00:00.137918
1	1	1	0.100	0.000000	0.000000	0.000000	0:00:00.187095
1	1	1	0.300	0.000000	0.000000	0.000000	0:00:00.108513
1	1	1	0.500	0.000000	0.000000	0.000000	0:00:00.108213
1	1	1	0.700	0.000000	0.000000	0.000000	0:00:00.100362
1	1	1	0.900	0.000000	0.000000	0.000000	0:00:00.108280
1	1	1	0.999	0.000000	0.000000	0.000000	0:00:00.114012
1	1	3	0.100	0.203947	0.080940	0.115888	0:00:00.110661
1	1	3	0.300	0.203947	0.080940	0.115888	0:00:00.107468
1	1	3	0.500	0.203947	0.080940	0.115888	0:00:00.114394
1	1	3	0.700	0.000000	0.000000	0.000000	0:00:00.100559
1	1	3	0.900	0.000000	0.000000	0.000000	0:00:00.120251
1	1	3	0.999	0.000000	0.000000	0.000000	0:00:00.245871
1	1	5	0.100	1.000000	0.060606	0.114286	0:00:00.108342
1	1	5	0.300	1.000000	0.060606	0.114286	0:00:00.119899
1	1	5	0.500	1.000000	0.060606	0.114286	0:00:00.109134
1	1	5	0.700	0.973684	0.077124	0.142926	0:00:00.115112
1	1	5	0.900	0.000000	0.000000	0.000000	0:00:00.107810
1	1	5	0.999	0.000000	0.000000	0.000000	0:00:00.106437
1	1	7	0.100	1.000000	0.055474	0.105118	0:00:00.116164
1	1	7	0.300	1.000000	0.055474	0.105118	0:00:00.116066
1	1	7	0.500	1.000000	0.055474	0.105118	0:00:00.167176
1	1	7	0.700	1.000000	0.055474	0.105118	0:00:00.110484
1	1	7	0.900	0.736842	0.182114	0.292047	0:00:00.118652
1	1	7	0.999	0.736842	0.202532	0.317731	0:00:00.122892
1	3	1	0.100	0.000000	0.000000	0.000000	0:00:00.092716
1	3	1	0.300	0.000000	0.000000	0.000000	0:00:00.089919
1	3	1	0.500	0.000000	0.000000	0.000000	0:00:00.092926
1	3	1	0.700	0.000000	0.000000	0.000000	0:00:00.106403
1	3	1	0.900	0.000000	0.000000	0.000000	0:00:00.105959
1	3	1	0.999	0.000000	0.000000	0.000000	0:00:00.095340
1	3	3	0.100	0.243421	0.013033	0.024741	0:00:00.092808
1	3	3	0.300	0.243421	0.013033	0.024741	0:00:00.112053
1	3	3	0.500	0.243421	0.013033	0.024741	0:00:00.103292
1	3	3	0.700	0.000000	0.000000	0.000000	0:00:00.097811
1	3	3	0.900	0.000000	0.000000	0.000000	0:00:00.111286
1	3	3	0.999	0.000000	0.000000	0.000000	0:00:00.091812
1	3	5	0.100	0.407895	0.013242	0.025652	0:00:00.104872
1	3	5	0.300	0.407895	0.013242	0.025652	0:00:00.107003
1	3	5	0.500	0.407895	0.013242	0.025652	0:00:00.109434
1	3	5	0.700	0.407895	0.013282	0.025726	0:00:00.099189
1	3	5	0.900	0.013158	0.010753	0.011834	0:00:00.109118
1	3	5	0.999	0.013158	0.011236	0.012121	0:00:00.142324
1	3	7	0.100	0.434211	0.007945	0.015605	0:00:00.105705
1	3	7	0.300	0.434211	0.007945	0.015605	0:00:00.110966
1	3	7	0.500	0.434211	0.007945	0.015605	0:00:00.240690
1	3	7	0.700	0.434211	0.007945	0.015605	0:00:00.122342
1	3	7	0.900	0.052632	0.002867	0.005438	0:00:00.117289
1	3	7	0.999	0.052632	0.002981	0.005642	0:00:00.169797
1	5	1	0.100	0.000000	0.000000	0.000000	0:00:00.214446
1	5	1	0.300	0.000000	0.000000	0.000000	0:00:00.134264
1	5	1	0.500	0.000000	0.000000	0.000000	0:00:00.134433
1	5	1	0.700	0.000000	0.000000	0.000000	0:00:00.119944
1	5	1	0.900	0.000000	0.000000	0.000000	0:00:00.118479
1	5	1	0.999	0.000000	0.000000	0.000000	0:00:00.135816
1	5	3	0.100	0.355263	0.008202	0.016033	0:00:00.134927
1	5	3	0.300	0.355263	0.008202	0.016033	0:00:00.128517
1	5	3	0.500	0.355263	0.008202	0.016033	0:00:00.140290
1	5	3	0.700	0.000000	0.000000	0.000000	0:00:00.169146
1	5	3	0.900	0.000000	0.000000	0.000000	0:00:00.134826
1	5	3	0.999	0.000000	0.000000	0.000000	0:00:00.244235
1	5	5	0.100	0.473684	0.010610	0.020755	0:00:00.210608
1	5	5	0.300	0.473684	0.010610	0.020755	0:00:00.174419
1	5	5	0.500	0.473684	0.010610	0.020755	0:00:00.170002
1	5	5	0.700	0.473684	0.010613	0.020761	0:00:00.160773
1	5	5	0.900	0.006579	0.000509	0.000945	0:00:00.152015
1	5	5	0.999	0.006579	0.000509	0.000946	0:00:00.147325
1	5	7	0.100	0.513158	0.010341	0.020273	0:00:00.138722
1	5	7	0.300	0.513158	0.010341	0.020273	0:00:00.137269
1	5	7	0.500	0.513158	0.010341	0.020273	0:00:00.157023
1	5	7	0.700	0.513158	0.010341	0.020273	0:00:00.141954
1	5	7	0.900	0.032895	0.001273	0.002450	0:00:00.170833
1	5	7	0.999	0.013158	0.000529	0.001017	0:00:00.151956
1	10	1	0.100	0.000000	0.000000	0.000000	0:00:00.175286
1	10	1	0.300	0.000000	0.000000	0.000000	0:00:00.159138
1	10	1	0.500	0.000000	0.000000	0.000000	0:00:00.395018
1	10	1	0.700	0.000000	0.000000	0.000000	0:00:00.225090
1	10	1	0.900	0.000000	0.000000	0.000000	0:00:00.182841
1	10	1	0.999	0.000000	0.000000	0.000000	0:00:00.167622
1	10	3	0.100	0.019737	0.008000	0.011385	0:00:00.236794
1	10	3	0.300	0.019737	0.008000	0.011385	0:00:00.167999
1	10	3	0.500	0.019737	0.008000	0.011385	0:00:00.185622
1	10	3	0.700	0.000000	0.000000	0.000000	0:00:00.170147
1	10	3	0.900	0.000000	0.000000	0.000000	0:00:00.434338
1	10	3	0.999	0.000000	0.000000	0.000000	0:00:00.198374
1	10	5	0.100	0.019737	0.005758	0.008915	0:00:00.178651
1	10	5	0.300	0.019737	0.005758	0.008915	0:00:00.158802
1	10	5	0.500	0.019737	0.005758	0.008915	0:00:00.174381
1	10	5	0.700	0.019737	0.005758	0.008915	0:00:00.164772
1	10	5	0.900	0.000000	0.000000	0.000000	0:00:00.166333
1	10	5	0.999	0.000000	0.000000	0.000000	0:00:00.170162
1	10	7	0.100	0.046053	0.006737	0.011755	0:00:00.179020
1	10	7	0.300	0.046053	0.006737	0.011755	0:00:00.351172
1	10	7	0.500	0.046053	0.006737	0.011755	0:00:00.184851
1	10	7	0.700	0.046053	0.006737	0.011755	0:00:00.349424
1	10	7	0.900	0.000000	0.000000	0.000000	0:00:00.261091
1	10	7	0.999	0.000000	0.000000	0.000000	0:00:00.200050
1	20	1	0.100	0.000000	0.000000	0.000000	0:00:00.222636
1	20	1	0.300	0.000000	0.000000	0.000000	0:00:00.415161
1	20	1	0.500	0.000000	0.000000	0.000000	0:00:00.267182
1	20	1	0.700	0.000000	0.000000	0.000000	0:00:00.230467
1	20	1	0.900	0.000000	0.000000	0.000000	0:00:00.199779
1	20	1	0.999	0.000000	0.000000	0.000000	0:00:00.208301
1	20	3	0.100	0.019737	0.008000	0.011385	0:00:00.213280
1	20	3	0.300	0.019737	0.008000	0.011385	0:00:00.212460
1	20	3	0.500	0.019737	0.008000	0.011385	0:00:00.199309
1	20	3	0.700	0.000000	0.000000	0.000000	0:00:00.220552
1	20	3	0.900	0.000000	0.000000	0.000000	0:00:00.211047
1	20	3	0.999	0.000000	0.000000	0.000000	0:00:00.225233
1	20	5	0.100	0.019737	0.005758	0.008915	0:00:00.215380
1	20	5	0.300	0.019737	0.005758	0.008915	0:00:00.218183
1	20	5	0.500	0.019737	0.005758	0.008915	0:00:00.226058
1	20	5	0.700	0.019737	0.005758	0.008915	0:00:00.240700
1	20	5	0.900	0.000000	0.000000	0.000000	0:00:00.232403
1	20	5	0.999	0.000000	0.000000	0.000000	0:00:00.234169
1	20	7	0.100	0.046053	0.006737	0.011755	0:00:00.219358
1	20	7	0.300	0.046053	0.006737	0.011755	0:00:00.214441
1	20	7	0.500	0.046053	0.006737	0.011755	0:00:00.206929
1	20	7	0.700	0.046053	0.006737	0.011755	0:00:00.214952
1	20	7	0.900	0.000000	0.000000	0.000000	0:00:00.280637
1	20	7	0.999	0.000000	0.000000	0.000000	0:00:00.225616
1	30	1	0.100	0.000000	0.000000	0.000000	0:00:00.294168
1	30	1	0.300	0.000000	0.000000	0.000000	0:00:00.274654
1	30	1	0.500	0.000000	0.000000	0.000000	0:00:00.272221
1	30	1	0.700	0.000000	0.000000	0.000000	0:00:00.473260
1	30	1	0.900	0.000000	0.000000	0.000000	0:00:00.295671
1	30	1	0.999	0.000000	0.000000	0.000000	0:00:00.249148
1	30	3	0.100	0.019737	0.008000	0.011385	0:00:00.286925
1	30	3	0.300	0.019737	0.008000	0.011385	0:00:00.258403
1	30	3	0.500	0.019737	0.008000	0.011385	0:00:00.293334
1	30	3	0.700	0.000000	0.000000	0.000000	0:00:00.286783
1	30	3	0.900	0.000000	0.000000	0.000000	0:00:00.256504
1	30	3	0.999	0.000000	0.000000	0.000000	0:00:00.277105
1	30	5	0.100	0.019737	0.005758	0.008915	0:00:00.253500
1	30	5	0.300	0.019737	0.005758	0.008915	0:00:00.261884
1	30	5	0.500	0.019737	0.005758	0.008915	0:00:00.266573
1	30	5	0.700	0.019737	0.005758	0.008915	0:00:00.284277
1	30	5	0.900	0.000000	0.000000	0.000000	0:00:00.251548
1	30	5	0.999	0.000000	0.000000	0.000000	0:00:00.303945
1	30	7	0.100	0.046053	0.006737	0.011755	0:00:00.270418
1	30	7	0.300	0.046053	0.006737	0.011755	0:00:00.282437
1	30	7	0.500	0.046053	0.006737	0.011755	0:00:00.259087
1	30	7	0.700	0.046053	0.006737	0.011755	0:00:00.302233
1	30	7	0.900	0.000000	0.000000	0.000000	0:00:00.265199
1	30	7	0.999	0.000000	0.000000	0.000000	0:00:00.325988
3	0	1	0.100	0.000000	0.000000	0.000000	0:00:00.135970
3	0	1	0.300	0.000000	0.000000	0.000000	0:00:00.125331
3	0	1	0.500	0.000000	0.000000	0.000000	0:00:00.129149
3	0	1	0.700	0.000000	0.000000	0.000000	0:00:00.118824
3	0	1	0.900	0.000000	0.000000	0.000000	0:00:00.121250
3	0	1	0.999	0.000000	0.000000	0.000000	0:00:00.129469
3	0	3	0.100	0.138158	0.027202	0.045455	0:00:00.227715
3	0	3	0.300	0.138158	0.027202	0.045455	0:00:00.134041
3	0	3	0.500	0.138158	0.027202	0.045455	0:00:00.141678
3	0	3	0.700	0.019737	0.075000	0.031250	0:00:00.118371
3	0	3	0.900	0.013158	0.083333	0.022727	0:00:00.117759
3	0	3	0.999	0.013158	0.086957	0.022857	0:00:00.122219
3	0	5	0.100	0.230263	0.029838	0.052830	0:00:00.150363
3	0	5	0.300	0.230263	0.029838	0.052830	0:00:00.128072
3	0	5	0.500	0.230263	0.029838	0.052830	0:00:00.120665
3	0	5	0.700	0.230263	0.030017	0.053111	0:00:00.128023
3	0	5	0.900	0.125000	0.060317	0.081370	0:00:00.130257
3	0	5	0.999	0.125000	0.060703	0.081720	0:00:00.124650
3	0	7	0.100	0.822368	0.045504	0.086237	0:00:00.135239
3	0	7	0.300	0.822368	0.045504	0.086237	0:00:00.126197
3	0	7	0.500	0.822368	0.045504	0.086237	0:00:00.130235
3	0	7	0.700	0.822368	0.045554	0.086326	0:00:00.122780
3	0	7	0.900	0.717105	0.058164	0.107601	0:00:00.145826
3	0	7	0.999	0.717105	0.058258	0.107761	0:00:00.131725
3	1	1	0.100	0.000000	0.000000	0.000000	0:00:00.087543
3	1	1	0.300	0.000000	0.000000	0.000000	0:00:00.083473
3	1	1	0.500	0.000000	0.000000	0.000000	0:00:00.095459
3	1	1	0.700	0.000000	0.000000	0.000000	0:00:00.092240
3	1	1	0.900	0.000000	0.000000	0.000000	0:00:00.100491
3	1	1	0.999	0.000000	0.000000	0.000000	0:00:00.093490
3	1	3	0.100	0.269737	0.065183	0.104994	0:00:00.097061
3	1	3	0.300	0.269737	0.065183	0.104994	0:00:00.089568
3	1	3	0.500	0.269737	0.065183	0.104994	0:00:00.150383
3	1	3	0.700	0.151316	0.103139	0.122667	0:00:00.090191
3	1	3	0.900	0.151316	0.111111	0.128134	0:00:00.089254
3	1	3	0.999	0.151316	0.111111	0.128134	0:00:00.097977
3	1	5	0.100	0.914474	0.082249	0.150923	0:00:00.095504
3	1	5	0.300	0.914474	0.082249	0.150923	0:00:00.101798
3	1	5	0.500	0.914474	0.082249	0.150923	0:00:00.109108
3	1	5	0.700	0.914474	0.093856	0.170239	0:00:00.094287
3	1	5	0.900	0.177632	0.071053	0.101504	0:00:00.113252
3	1	5	0.999	0.177632	0.071053	0.101504	0:00:00.147418
3	1	7	0.100	1.000000	0.053824	0.102151	0:00:00.112006
3	1	7	0.300	1.000000	0.053824	0.102151	0:00:00.108237
3	1	7	0.500	1.000000	0.053824	0.102151	0:00:00.107961
3	1	7	0.700	1.000000	0.053824	0.102151	0:00:00.105145
3	1	7	0.900	0.861842	0.143326	0.245779	0:00:00.111695
3	1	7	0.999	0.861842	0.143798	0.246472	0:00:00.103721
3	3	1	0.100	0.000000	0.000000	0.000000	0:00:00.130670
3	3	1	0.300	0.000000	0.000000	0.000000	0:00:00.121477
3	3	1	0.500	0.000000	0.000000	0.000000	0:00:00.120962
3	3	1	0.700	0.000000	0.000000	0.000000	0:00:00.137212
3	3	1	0.900	0.000000	0.000000	0.000000	0:00:00.128680
3	3	1	0.999	0.000000	0.000000	0.000000	0:00:00.125283
3	3	3	0.100	0.368421	0.024380	0.045733	0:00:00.133149
3	3	3	0.300	0.368421	0.024380	0.045733	0:00:00.196241
3	3	3	0.500	0.368421	0.024380	0.045733	0:00:00.125183
3	3	3	0.700	0.026316	0.093023	0.041026	0:00:00.128979
3	3	3	0.900	0.026316	0.111111	0.042553	0:00:00.129686
3	3	3	0.999	0.026316	0.111111	0.042553	0:00:00.139280
3	3	5	0.100	0.434211	0.010861	0.021191	0:00:00.142045
3	3	5	0.300	0.434211	0.010861	0.021191	0:00:00.133102
3	3	5	0.500	0.434211	0.010861	0.021191	0:00:00.140528
3	3	5	0.700	0.434211	0.010862	0.021195	0:00:00.141985
3	3	5	0.900	0.052632	0.008830	0.015123	0:00:00.140442
3	3	5	0.999	0.052632	0.008840	0.015137	0:00:00.146151
3	3	7	0.100	0.789474	0.014493	0.028463	0:00:00.142630
3	3	7	0.300	0.789474	0.014493	0.028463	0:00:00.137375
3	3	7	0.500	0.789474	0.014493	0.028463	0:00:00.130759
3	3	7	0.700	0.789474	0.014493	0.028463	0:00:00.169511
3	3	7	0.900	0.065789	0.007062	0.012755	0:00:00.164444
3	3	7	0.999	0.065789	0.007210	0.012995	0:00:00.163203
3	5	1	0.100	0.000000	0.000000	0.000000	0:00:00.174935
3	5	1	0.300	0.000000	0.000000	0.000000	0:00:00.166168
3	5	1	0.500	0.000000	0.000000	0.000000	0:00:00.172869
3	5	1	0.700	0.000000	0.000000	0.000000	0:00:00.144407
3	5	1	0.900	0.000000	0.000000	0.000000	0:00:00.125543
3	5	1	0.999	0.000000	0.000000	0.000000	0:00:00.121335
3	5	3	0.100	0.407895	0.009243	0.018076	0:00:00.135076
3	5	3	0.300	0.407895	0.009243	0.018076	0:00:00.153028
3	5	3	0.500	0.407895	0.009243	0.018076	0:00:00.194354
3	5	3	0.700	0.000000	0.000000	0.000000	0:00:00.235563
3	5	3	0.900	0.000000	0.000000	0.000000	0:00:00.188524
3	5	3	0.999	0.000000	0.000000	0.000000	0:00:00.168909
3	5	5	0.100	0.703947	0.014777	0.028946	0:00:00.191097
3	5	5	0.300	0.703947	0.014777	0.028946	0:00:00.165181
3	5	5	0.500	0.703947	0.014777	0.028946	0:00:00.148891
3	5	5	0.700	0.703947	0.014779	0.028950	0:00:00.134595
3	5	5	0.900	0.013158	0.000775	0.001464	0:00:00.147553
3	5	5	0.999	0.013158	0.000775	0.001464	0:00:00.134887
3	5	7	0.100	0.750000	0.013240	0.026021	0:00:00.160588
3	5	7	0.300	0.750000	0.013240	0.026021	0:00:00.158901
3	5	7	0.500	0.750000	0.013240	0.026021	0:00:00.136095
3	5	7	0.700	0.750000	0.013240	0.026021	0:00:00.160297
3	5	7	0.900	0.105263	0.003951	0.007615	0:00:00.158169
3	5	7	0.999	0.105263	0.003975	0.007661	0:00:00.132785
3	10	1	0.100	0.000000	0.000000	0.000000	0:00:00.183203
3	10	1	0.300	0.000000	0.000000	0.000000	0:00:00.191636
3	10	1	0.500	0.000000	0.000000	0.000000	0:00:00.188024
3	10	1	0.700	0.000000	0.000000	0.000000	0:00:00.164523
3	10	1	0.900	0.000000	0.000000	0.000000	0:00:00.215112
3	10	1	0.999	0.000000	0.000000	0.000000	0:00:00.236279
3	10	3	0.100	0.026316	0.005355	0.008899	0:00:00.203547
3	10	3	0.300	0.026316	0.005355	0.008899	0:00:00.167540
3	10	3	0.500	0.026316	0.005355	0.008899	0:00:00.168814
3	10	3	0.700	0.000000	0.000000	0.000000	0:00:00.169311
3	10	3	0.900	0.000000	0.000000	0.000000	0:00:00.166106
3	10	3	0.999	0.000000	0.000000	0.000000	0:00:00.174030
3	10	5	0.100	0.039474	0.004158	0.007524	0:00:00.179167
3	10	5	0.300	0.039474	0.004158	0.007524	0:00:00.171842
3	10	5	0.500	0.039474	0.004158	0.007524	0:00:00.223304
3	10	5	0.700	0.039474	0.004158	0.007524	0:00:00.196536
3	10	5	0.900	0.000000	0.000000	0.000000	0:00:00.178903
3	10	5	0.999	0.000000	0.000000	0.000000	0:00:00.175840
3	10	7	0.100	0.171053	0.009555	0.018100	0:00:00.168680
3	10	7	0.300	0.171053	0.009555	0.018100	0:00:00.169072
3	10	7	0.500	0.171053	0.009555	0.018100	0:00:00.187898
3	10	7	0.700	0.171053	0.009555	0.018100	0:00:00.227422
3	10	7	0.900	0.000000	0.000000	0.000000	0:00:00.203941
3	10	7	0.999	0.000000	0.000000	0.000000	0:00:00.169074
3	20	1	0.100	0.000000	0.000000	0.000000	0:00:00.236016
3	20	1	0.300	0.000000	0.000000	0.000000	0:00:00.206046
3	20	1	0.500	0.000000	0.000000	0.000000	0:00:00.230834
3	20	1	0.700	0.000000	0.000000	0.000000	0:00:00.242266
3	20	1	0.900	0.000000	0.000000	0.000000	0:00:00.236757
3	20	1	0.999	0.000000	0.000000	0.000000	0:00:00.221968
3	20	3	0.100	0.026316	0.005355	0.008899	0:00:00.214919
3	20	3	0.300	0.026316	0.005355	0.008899	0:00:00.233099
3	20	3	0.500	0.026316	0.005355	0.008899	0:00:00.208801
3	20	3	0.700	0.000000	0.000000	0.000000	0:00:00.216587
3	20	3	0.900	0.000000	0.000000	0.000000	0:00:00.291835
3	20	3	0.999	0.000000	0.000000	0.000000	0:00:00.285777
3	20	5	0.100	0.039474	0.004158	0.007524	0:00:00.256505
3	20	5	0.300	0.039474	0.004158	0.007524	0:00:00.216988
3	20	5	0.500	0.039474	0.004158	0.007524	0:00:00.219180
3	20	5	0.700	0.039474	0.004158	0.007524	0:00:00.205230
3	20	5	0.900	0.000000	0.000000	0.000000	0:00:00.210586
3	20	5	0.999	0.000000	0.000000	0.000000	0:00:00.211055
3	20	7	0.100	0.171053	0.009555	0.018100	0:00:00.220877
3	20	7	0.300	0.171053	0.009555	0.018100	0:00:00.274636
3	20	7	0.500	0.171053	0.009555	0.018100	0:00:00.246943
3	20	7	0.700	0.171053	0.009555	0.018100	0:00:00.246103
3	20	7	0.900	0.000000	0.000000	0.000000	0:00:00.218092
3	20	7	0.999	0.000000	0.000000	0.000000	0:00:00.278906
3	30	1	0.100	0.000000	0.000000	0.000000	0:00:00.302801
3	30	1	0.300	0.000000	0.000000	0.000000	0:00:00.285449
3	30	1	0.500	0.000000	0.000000	0.000000	0:00:00.271369
3	30	1	0.700	0.000000	0.000000	0.000000	0:00:00.271597
3	30	1	0.900	0.000000	0.000000	0.000000	0:00:00.308991
3	30	1	0.999	0.000000	0.000000	0.000000	0:00:00.314469
3	30	3	0.100	0.026316	0.005355	0.008899	0:00:00.255849
3	30	3	0.300	0.026316	0.005355	0.008899	0:00:00.257242
3	30	3	0.500	0.026316	0.005355	0.008899	0:00:00.277839
3	30	3	0.700	0.000000	0.000000	0.000000	0:00:00.469891
3	30	3	0.900	0.000000	0.000000	0.000000	0:00:00.295816
3	30	3	0.999	0.000000	0.000000	0.000000	0:00:00.283714
3	30	5	0.100	0.039474	0.004158	0.007524	0:00:00.262954
3	30	5	0.300	0.039474	0.004158	0.007524	0:00:00.307095
3	30	5	0.500	0.039474	0.004158	0.007524	0:00:00.264156
3	30	5	0.700	0.039474	0.004158	0.007524	0:00:00.256245
3	30	5	0.900	0.000000	0.000000	0.000000	0:00:00.261918
3	30	5	0.999	0.000000	0.000000	0.000000	0:00:00.252386
3	30	7	0.100	0.171053	0.009555	0.018100	0:00:00.258234
3	30	7	0.300	0.171053	0.009555	0.018100	0:00:00.254251
3	30	7	0.500	0.171053	0.009555	0.018100	0:00:00.257420
3	30	7	0.700	0.171053	0.009555	0.018100	0:00:00.273740
3	30	7	0.900	0.000000	0.000000	0.000000	0:00:00.284467
3	30	7	0.999	0.000000	0.000000	0.000000	0:00:00.284230
5	0	1	0.100	0.000000	0.000000	0.000000	0:00:00.137855
5	0	1	0.300	0.000000	0.000000	0.000000	0:00:00.124376
5	0	1	0.500	0.000000	0.000000	0.000000	0:00:00.123880
5	0	1	0.700	0.000000	0.000000	0.000000	0:00:00.124363
5	0	1	0.900	0.000000	0.000000	0.000000	0:00:00.123092
5	0	1	0.999	0.000000	0.000000	0.000000	0:00:00.128558
5	0	3	0.100	0.315789	0.038647	0.068867	0:00:00.128471
5	0	3	0.300	0.315789	0.038647	0.068867	0:00:00.130138
5	0	3	0.500	0.315789	0.038647	0.068867	0:00:00.236011
5	0	3	0.700	0.013158	0.021739	0.016393	0:00:00.148923
5	0	3	0.900	0.006579	0.012346	0.008584	0:00:00.164504
5	0	3	0.999	0.006579	0.012346	0.008584	0:00:00.132483
5	0	5	0.100	0.914474	0.047684	0.090642	0:00:00.204878
5	0	5	0.300	0.914474	0.047684	0.090642	0:00:00.170866
5	0	5	0.500	0.914474	0.047684	0.090642	0:00:00.144447
5	0	5	0.700	0.914474	0.047799	0.090850	0:00:00.133364
5	0	5	0.900	0.236842	0.046036	0.077088	0:00:00.216810
5	0	5	0.999	0.236842	0.046036	0.077088	0:00:00.138291
5	0	7	0.100	0.960526	0.038371	0.073793	0:00:00.219462
5	0	7	0.300	0.960526	0.038371	0.073793	0:00:00.190823
5	0	7	0.500	0.960526	0.038371	0.073793	0:00:00.153989
5	0	7	0.700	0.960526	0.038371	0.073793	0:00:00.136919
5	0	7	0.900	0.848684	0.045295	0.086000	0:00:00.139597
5	0	7	0.999	0.848684	0.045327	0.086057	0:00:00.134232
5	1	1	0.100	0.000000	0.000000	0.000000	0:00:00.127300
5	1	1	0.300	0.000000	0.000000	0.000000	0:00:00.127899
5	1	1	0.500	0.000000	0.000000	0.000000	0:00:00.128236
5	1	1	0.700	0.000000	0.000000	0.000000	0:00:00.122572
5	1	1	0.900	0.000000	0.000000	0.000000	0:00:00.116576
5	1	1	0.999	0.000000	0.000000	0.000000	0:00:00.120843
5	1	3	0.100	0.618421	0.069322	0.124668	0:00:00.123865
5	1	3	0.300	0.618421	0.069322	0.124668	0:00:00.120286
5	1	3	0.500	0.618421	0.069322	0.124668	0:00:00.117454
5	1	3	0.700	0.269737	0.081349	0.125000	0:00:00.121589
5	1	3	0.900	0.269737	0.083164	0.127132	0:00:00.132065
5	1	3	0.999	0.269737	0.083164	0.127132	0:00:00.118647
5	1	5	0.100	0.986842	0.062060	0.116777	0:00:00.125358
5	1	5	0.300	0.986842	0.062060	0.116777	0:00:00.125086
5	1	5	0.500	0.986842	0.062060	0.116777	0:00:00.125931
5	1	5	0.700	0.986842	0.062266	0.117142	0:00:00.125624
5	1	5	0.900	0.460526	0.057190	0.101744	0:00:00.127368
5	1	5	0.999	0.460526	0.057190	0.101744	0:00:00.129400
5	1	7	0.100	1.000000	0.045659	0.087331	0:00:00.127616
5	1	7	0.300	1.000000	0.045659	0.087331	0:00:00.142740
5	1	7	0.500	1.000000	0.045659	0.087331	0:00:00.128412
5	1	7	0.700	1.000000	0.045659	0.087331	0:00:00.141018
5	1	7	0.900	0.986842	0.074184	0.137994	0:00:00.151527
5	1	7	0.999	0.986842	0.074184	0.137994	0:00:00.185732
5	3	1	0.100	0.000000	0.000000	0.000000	0:00:00.140364
5	3	1	0.300	0.000000	0.000000	0.000000	0:00:00.113030
5	3	1	0.500	0.000000	0.000000	0.000000	0:00:00.104107
5	3	1	0.700	0.000000	0.000000	0.000000	0:00:00.111957
5	3	1	0.900	0.000000	0.000000	0.000000	0:00:00.114566
5	3	1	0.999	0.000000	0.000000	0.000000	0:00:00.118119
5	3	3	0.100	0.809211	0.042753	0.081215	0:00:00.116616
5	3	3	0.300	0.809211	0.042753	0.081215	0:00:00.129065
5	3	3	0.500	0.809211	0.042753	0.081215	0:00:00.116840
5	3	3	0.700	0.085526	0.075581	0.080247	0:00:00.116131
5	3	3	0.900	0.059211	0.081818	0.068702	0:00:00.115944
5	3	3	0.999	0.059211	0.081818	0.068702	0:00:00.106438
5	3	5	0.100	0.921053	0.018945	0.037125	0:00:00.108111
5	3	5	0.300	0.921053	0.018945	0.037125	0:00:00.109111
5	3	5	0.500	0.921053	0.018945	0.037125	0:00:00.127901
5	3	5	0.700	0.921053	0.018945	0.037125	0:00:00.116578
5	3	5	0.900	0.164474	0.021422	0.037908	0:00:00.119068
5	3	5	0.999	0.164474	0.021422	0.037908	0:00:00.111797
5	3	7	0.100	0.980263	0.016226	0.031923	0:00:00.117017
5	3	7	0.300	0.980263	0.016226	0.031923	0:00:00.113144
5	3	7	0.500	0.980263	0.016226	0.031923	0:00:00.114552
5	3	7	0.700	0.980263	0.016226	0.031923	0:00:00.117837
5	3	7	0.900	0.276316	0.021191	0.039363	0:00:00.110980
5	3	7	0.999	0.269737	0.020865	0.038734	0:00:00.114792
5	5	1	0.100	0.000000	0.000000	0.000000	0:00:00.137737
5	5	1	0.300	0.000000	0.000000	0.000000	0:00:00.137603
5	5	1	0.500	0.000000	0.000000	0.000000	0:00:00.137788
5	5	1	0.700	0.000000	0.000000	0.000000	0:00:00.147122
5	5	1	0.900	0.000000	0.000000	0.000000	0:00:00.133482
5	5	1	0.999	0.000000	0.000000	0.000000	0:00:00.130012
5	5	3	0.100	0.776316	0.016094	0.031534	0:00:00.140832
5	5	3	0.300	0.776316	0.016094	0.031534	0:00:00.134478
5	5	3	0.500	0.776316	0.016094	0.031534	0:00:00.134879
5	5	3	0.700	0.177632	0.010822	0.020400	0:00:00.146313
5	5	3	0.900	0.157895	0.009792	0.018440	0:00:00.136831
5	5	3	0.999	0.157895	0.009792	0.018440	0:00:00.143350
5	5	5	0.100	0.802632	0.013743	0.027024	0:00:00.143919
5	5	5	0.300	0.802632	0.013743	0.027024	0:00:00.147987
5	5	5	0.500	0.802632	0.013743	0.027024	0:00:00.155590
5	5	5	0.700	0.802632	0.013743	0.027024	0:00:00.194760
5	5	5	0.900	0.236842	0.008495	0.016401	0:00:00.142240
5	5	5	0.999	0.236842	0.008495	0.016401	0:00:00.143596
5	5	7	0.100	0.815789	0.012785	0.025175	0:00:00.151547
5	5	7	0.300	0.815789	0.012785	0.025175	0:00:00.146112
5	5	7	0.500	0.815789	0.012785	0.025175	0:00:00.145612
5	5	7	0.700	0.815789	0.012785	0.025175	0:00:00.146578
5	5	7	0.900	0.473684	0.012559	0.024469	0:00:00.147813
5	5	7	0.999	0.467105	0.012461	0.024274	0:00:00.149033
5	10	1	0.100	0.000000	0.000000	0.000000	0:00:00.167054
5	10	1	0.300	0.000000	0.000000	0.000000	0:00:00.165265
5	10	1	0.500	0.000000	0.000000	0.000000	0:00:00.172224
5	10	1	0.700	0.000000	0.000000	0.000000	0:00:00.164061
5	10	1	0.900	0.000000	0.000000	0.000000	0:00:00.165250
5	10	1	0.999	0.000000	0.000000	0.000000	0:00:00.162789
5	10	3	0.100	0.098684	0.006196	0.011660	0:00:00.176304
5	10	3	0.300	0.098684	0.006196	0.011660	0:00:00.174202
5	10	3	0.500	0.098684	0.006196	0.011660	0:00:00.172330
5	10	3	0.700	0.006579	0.002959	0.004082	0:00:00.171676
5	10	3	0.900	0.006579	0.002959	0.004082	0:00:00.169054
5	10	3	0.999	0.006579	0.002959	0.004082	0:00:00.168854
5	10	5	0.100	0.223684	0.008781	0.016899	0:00:00.171905
5	10	5	0.300	0.223684	0.008781	0.016899	0:00:00.173311
5	10	5	0.500	0.223684	0.008781	0.016899	0:00:00.179710
5	10	5	0.700	0.223684	0.008781	0.016899	0:00:00.176345
5	10	5	0.900	0.013158	0.002339	0.003972	0:00:00.177415
5	10	5	0.999	0.013158	0.002339	0.003972	0:00:00.186065
5	10	7	0.100	0.427632	0.011769	0.022907	0:00:00.184651
5	10	7	0.300	0.427632	0.011769	0.022907	0:00:00.175627
5	10	7	0.500	0.427632	0.011769	0.022907	0:00:00.176849
5	10	7	0.700	0.427632	0.011769	0.022907	0:00:00.174530
5	10	7	0.900	0.026316	0.002365	0.004341	0:00:00.176550
5	10	7	0.999	0.026316	0.002365	0.004341	0:00:00.252723
5	20	1	0.100	0.000000	0.000000	0.000000	0:00:00.220744
5	20	1	0.300	0.000000	0.000000	0.000000	0:00:00.211866
5	20	1	0.500	0.000000	0.000000	0.000000	0:00:00.209241
5	20	1	0.700	0.000000	0.000000	0.000000	0:00:00.216523
5	20	1	0.900	0.000000	0.000000	0.000000	0:00:00.204248
5	20	1	0.999	0.000000	0.000000	0.000000	0:00:00.212852
5	20	3	0.100	0.098684	0.006196	0.011660	0:00:00.221475
5	20	3	0.300	0.098684	0.006196	0.011660	0:00:00.217892
5	20	3	0.500	0.098684	0.006196	0.011660	0:00:00.213776
5	20	3	0.700	0.006579	0.002959	0.004082	0:00:00.210760
5	20	3	0.900	0.006579	0.002959	0.004082	0:00:00.220888
5	20	3	0.999	0.006579	0.002959	0.004082	0:00:00.221414
5	20	5	0.100	0.223684	0.008781	0.016899	0:00:00.221256
5	20	5	0.300	0.223684	0.008781	0.016899	0:00:00.215953
5	20	5	0.500	0.223684	0.008781	0.016899	0:00:00.225642
5	20	5	0.700	0.223684	0.008781	0.016899	0:00:00.219295
5	20	5	0.900	0.013158	0.002339	0.003972	0:00:00.215887
5	20	5	0.999	0.013158	0.002339	0.003972	0:00:00.223181
5	20	7	0.100	0.427632	0.011769	0.022907	0:00:00.223973
5	20	7	0.300	0.427632	0.011769	0.022907	0:00:00.226003
5	20	7	0.500	0.427632	0.011769	0.022907	0:00:00.219921
5	20	7	0.700	0.427632	0.011769	0.022907	0:00:00.228042
5	20	7	0.900	0.026316	0.002365	0.004341	0:00:00.225482
5	20	7	0.999	0.026316	0.002365	0.004341	0:00:00.224159
5	30	1	0.100	0.000000	0.000000	0.000000	0:00:00.254688
5	30	1	0.300	0.000000	0.000000	0.000000	0:00:00.310548
5	30	1	0.500	0.000000	0.000000	0.000000	0:00:00.249366
5	30	1	0.700	0.000000	0.000000	0.000000	0:00:00.247599
5	30	1	0.900	0.000000	0.000000	0.000000	0:00:00.245721
5	30	1	0.999	0.000000	0.000000	0.000000	0:00:00.255084
5	30	3	0.100	0.098684	0.006196	0.011660	0:00:00.257755
5	30	3	0.300	0.098684	0.006196	0.011660	0:00:00.265927
5	30	3	0.500	0.098684	0.006196	0.011660	0:00:00.266552
5	30	3	0.700	0.006579	0.002959	0.004082	0:00:00.268289
5	30	3	0.900	0.006579	0.002959	0.004082	0:00:00.253528
5	30	3	0.999	0.006579	0.002959	0.004082	0:00:00.255683
5	30	5	0.100	0.223684	0.008781	0.016899	0:00:00.256955
5	30	5	0.300	0.223684	0.008781	0.016899	0:00:00.260686
5	30	5	0.500	0.223684	0.008781	0.016899	0:00:00.255930
5	30	5	0.700	0.223684	0.008781	0.016899	0:00:00.262672
5	30	5	0.900	0.013158	0.002339	0.003972	0:00:00.262937
5	30	5	0.999	0.013158	0.002339	0.003972	0:00:00.255864
5	30	7	0.100	0.427632	0.011769	0.022907	0:00:00.255527
5	30	7	0.300	0.427632	0.011769	0.022907	0:00:00.259824
5	30	7	0.500	0.427632	0.011769	0.022907	0:00:00.258132
5	30	7	0.700	0.427632	0.011769	0.022907	0:00:00.256981
5	30	7	0.900	0.026316	0.002365	0.004341	0:00:00.255486
5	30	7	0.999	0.026316	0.002365	0.004341	0:00:00.260455
10	0	1	0.100	0.000000	0.000000	0.000000	0:00:00.186379
10	0	1	0.300	0.000000	0.000000	0.000000	0:00:00.136713
10	0	1	0.500	0.000000	0.000000	0.000000	0:00:00.135408
10	0	1	0.700	0.000000	0.000000	0.000000	0:00:00.132793
10	0	1	0.900	0.000000	0.000000	0.000000	0:00:00.132990
10	0	1	0.999	0.000000	0.000000	0.000000	0:00:00.140793
10	0	3	0.100	0.013158	0.041667	0.020000	0:00:00.140187
10	0	3	0.300	0.013158	0.041667	0.020000	0:00:00.144520
10	0	3	0.500	0.013158	0.041667	0.020000	0:00:00.146141
10	0	3	0.700	0.000000	0.000000	0.000000	0:00:00.146595
10	0	3	0.900	0.000000	0.000000	0.000000	0:00:00.144512
10	0	3	0.999	0.000000	0.000000	0.000000	0:00:00.150885
10	0	5	0.100	0.046053	0.049645	0.047782	0:00:00.149184
10	0	5	0.300	0.046053	0.049645	0.047782	0:00:00.149211
10	0	5	0.500	0.046053	0.049645	0.047782	0:00:00.143232
10	0	5	0.700	0.046053	0.049645	0.047782	0:00:00.148676
10	0	5	0.900	0.000000	0.000000	0.000000	0:00:00.142461
10	0	5	0.999	0.000000	0.000000	0.000000	0:00:00.147623
10	0	7	0.100	0.092105	0.031111	0.046512	0:00:00.145108
10	0	7	0.300	0.092105	0.031111	0.046512	0:00:00.140871
10	0	7	0.500	0.092105	0.031111	0.046512	0:00:00.144498
10	0	7	0.700	0.092105	0.031111	0.046512	0:00:00.146318
10	0	7	0.900	0.006579	0.026316	0.010526	0:00:00.151568
10	0	7	0.999	0.006579	0.026316	0.010526	0:00:00.150470
10	1	1	0.100	0.000000	0.000000	0.000000	0:00:00.150059
10	1	1	0.300	0.000000	0.000000	0.000000	0:00:00.154959
10	1	1	0.500	0.000000	0.000000	0.000000	0:00:00.144719
10	1	1	0.700	0.000000	0.000000	0.000000	0:00:00.152678
10	1	1	0.900	0.000000	0.000000	0.000000	0:00:00.149831
10	1	1	0.999	0.000000	0.000000	0.000000	0:00:00.154486
10	1	3	0.100	0.098684	0.030488	0.046584	0:00:00.150816
10	1	3	0.300	0.098684	0.030488	0.046584	0:00:00.151338
10	1	3	0.500	0.098684	0.030488	0.046584	0:00:00.159977
10	1	3	0.700	0.006579	0.142857	0.012579	0:00:00.153641
10	1	3	0.900	0.006579	0.142857	0.012579	0:00:00.166392
10	1	3	0.999	0.006579	0.142857	0.012579	0:00:00.158116
10	1	5	0.100	0.342105	0.063337	0.106886	0:00:00.162666
10	1	5	0.300	0.342105	0.063337	0.106886	0:00:00.164992
10	1	5	0.500	0.342105	0.063337	0.106886	0:00:00.158480
10	1	5	0.700	0.342105	0.063337	0.106886	0:00:00.163825
10	1	5	0.900	0.026316	0.029851	0.027972	0:00:00.153220
10	1	5	0.999	0.026316	0.029851	0.027972	0:00:00.156243
10	1	7	0.100	0.940789	0.113854	0.203125	0:00:00.160387
10	1	7	0.300	0.940789	0.113854	0.203125	0:00:00.165058
10	1	7	0.500	0.940789	0.113854	0.203125	0:00:00.161780
10	1	7	0.700	0.940789	0.113854	0.203125	0:00:00.159390
10	1	7	0.900	0.046053	0.024823	0.032258	0:00:00.155511
10	1	7	0.999	0.046053	0.024823	0.032258	0:00:00.166704
10	3	1	0.100	0.000000	0.000000	0.000000	0:00:00.158749
10	3	1	0.300	0.000000	0.000000	0.000000	0:00:00.164336
10	3	1	0.500	0.000000	0.000000	0.000000	0:00:00.157781
10	3	1	0.700	0.000000	0.000000	0.000000	0:00:00.162887
10	3	1	0.900	0.000000	0.000000	0.000000	0:00:00.150852
10	3	1	0.999	0.000000	0.000000	0.000000	0:00:00.156094
10	3	3	0.100	0.098684	0.014925	0.025929	0:00:00.180973
10	3	3	0.300	0.098684	0.014925	0.025929	0:00:00.171932
10	3	3	0.500	0.098684	0.014925	0.025929	0:00:00.184630
10	3	3	0.700	0.026316	0.086957	0.040404	0:00:00.186645
10	3	3	0.900	0.026316	0.086957	0.040404	0:00:00.173370
10	3	3	0.999	0.026316	0.086957	0.040404	0:00:00.230012
10	3	5	0.100	0.263158	0.013089	0.024938	0:00:00.163843
10	3	5	0.300	0.263158	0.013089	0.024938	0:00:00.174179
10	3	5	0.500	0.263158	0.013089	0.024938	0:00:00.196627
10	3	5	0.700	0.263158	0.013089	0.024938	0:00:00.174822
10	3	5	0.900	0.059211	0.046154	0.051873	0:00:00.164037
10	3	5	0.999	0.059211	0.046154	0.051873	0:00:00.200574
10	3	7	0.100	0.651316	0.022706	0.043883	0:00:00.176321
10	3	7	0.300	0.651316	0.022706	0.043883	0:00:00.176835
10	3	7	0.500	0.651316	0.022706	0.043883	0:00:00.164400
10	3	7	0.700	0.651316	0.022706	0.043883	0:00:00.178153
10	3	7	0.900	0.190789	0.065463	0.097479	0:00:00.163759
10	3	7	0.999	0.190789	0.065463	0.097479	0:00:00.183838
10	5	1	0.100	0.000000	0.000000	0.000000	0:00:00.185832
10	5	1	0.300	0.000000	0.000000	0.000000	0:00:00.169496
10	5	1	0.500	0.000000	0.000000	0.000000	0:00:00.184179
10	5	1	0.700	0.000000	0.000000	0.000000	0:00:00.173623
10	5	1	0.900	0.000000	0.000000	0.000000	0:00:00.186800
10	5	1	0.999	0.000000	0.000000	0.000000	0:00:00.179635
10	5	3	0.100	0.421053	0.012350	0.023997	0:00:00.175393
10	5	3	0.300	0.421053	0.012350	0.023997	0:00:00.174501
10	5	3	0.500	0.421053	0.012350	0.023997	0:00:00.177206
10	5	3	0.700	0.013158	0.002296	0.003910	0:00:00.171548
10	5	3	0.900	0.013158	0.002296	0.003910	0:00:00.175522
10	5	3	0.999	0.013158	0.002296	0.003910	0:00:00.192333
10	5	5	0.100	0.730263	0.016780	0.032806	0:00:00.170729
10	5	5	0.300	0.730263	0.016780	0.032806	0:00:00.177078
10	5	5	0.500	0.730263	0.016780	0.032806	0:00:00.177358
10	5	5	0.700	0.730263	0.016780	0.032806	0:00:00.183171
10	5	5	0.900	0.059211	0.003609	0.006803	0:00:00.173452
10	5	5	0.999	0.059211	0.003609	0.006803	0:00:00.186318
10	5	7	0.100	0.782895	0.015852	0.031075	0:00:00.187018
10	5	7	0.300	0.782895	0.015852	0.031075	0:00:00.176018
10	5	7	0.500	0.782895	0.015852	0.031075	0:00:00.182679
10	5	7	0.700	0.782895	0.015852	0.031075	0:00:00.197228
10	5	7	0.900	0.197368	0.008183	0.015715	0:00:00.171830
10	5	7	0.999	0.197368	0.008183	0.015715	0:00:00.181578
10	10	1	0.100	0.000000	0.000000	0.000000	0:00:00.153490
10	10	1	0.300	0.000000	0.000000	0.000000	0:00:00.163258
10	10	1	0.500	0.000000	0.000000	0.000000	0:00:00.153741
10	10	1	0.700	0.000000	0.000000	0.000000	0:00:00.161923
10	10	1	0.900	0.000000	0.000000	0.000000	0:00:00.152345
10	10	1	0.999	0.000000	0.000000	0.000000	0:00:00.160659
10	10	3	0.100	0.059211	0.003651	0.006878	0:00:00.221264
10	10	3	0.300	0.059211	0.003651	0.006878	0:00:00.166497
10	10	3	0.500	0.059211	0.003651	0.006878	0:00:00.169876
10	10	3	0.700	0.000000	0.000000	0.000000	0:00:00.171358
10	10	3	0.900	0.000000	0.000000	0.000000	0:00:00.166385
10	10	3	0.999	0.000000	0.000000	0.000000	0:00:00.167847
10	10	5	0.100	0.164474	0.006674	0.012827	0:00:00.175763
10	10	5	0.300	0.164474	0.006674	0.012827	0:00:00.169595
10	10	5	0.500	0.164474	0.006674	0.012827	0:00:00.173626
10	10	5	0.700	0.164474	0.006674	0.012827	0:00:00.168733
10	10	5	0.900	0.013158	0.002907	0.004762	0:00:00.175868
10	10	5	0.999	0.013158	0.002907	0.004762	0:00:00.163744
10	10	7	0.100	0.348684	0.010724	0.020809	0:00:00.181498
10	10	7	0.300	0.348684	0.010724	0.020809	0:00:00.165220
10	10	7	0.500	0.348684	0.010724	0.020809	0:00:00.167855
10	10	7	0.700	0.348684	0.010724	0.020809	0:00:00.172189
10	10	7	0.900	0.032895	0.003453	0.006250	0:00:00.183118
10	10	7	0.999	0.032895	0.003453	0.006250	0:00:00.168378
10	20	1	0.100	0.000000	0.000000	0.000000	0:00:00.228244
10	20	1	0.300	0.000000	0.000000	0.000000	0:00:00.232187
10	20	1	0.500	0.000000	0.000000	0.000000	0:00:00.229504
10	20	1	0.700	0.000000	0.000000	0.000000	0:00:00.223938
10	20	1	0.900	0.000000	0.000000	0.000000	0:00:00.227624
10	20	1	0.999	0.000000	0.000000	0.000000	0:00:00.222060
10	20	3	0.100	0.059211	0.003651	0.006878	0:00:00.243129
10	20	3	0.300	0.059211	0.003651	0.006878	0:00:00.224150
10	20	3	0.500	0.059211	0.003651	0.006878	0:00:00.230528
10	20	3	0.700	0.000000	0.000000	0.000000	0:00:00.243246
10	20	3	0.900	0.000000	0.000000	0.000000	0:00:00.235081
10	20	3	0.999	0.000000	0.000000	0.000000	0:00:00.230293
10	20	5	0.100	0.164474	0.006674	0.012827	0:00:00.242395
10	20	5	0.300	0.164474	0.006674	0.012827	0:00:00.245903
10	20	5	0.500	0.164474	0.006674	0.012827	0:00:00.233588
10	20	5	0.700	0.164474	0.006674	0.012827	0:00:00.240723
10	20	5	0.900	0.013158	0.002907	0.004762	0:00:00.245100
10	20	5	0.999	0.013158	0.002907	0.004762	0:00:00.238916
10	20	7	0.100	0.348684	0.010724	0.020809	0:00:00.244732
10	20	7	0.300	0.348684	0.010724	0.020809	0:00:00.230143
10	20	7	0.500	0.348684	0.010724	0.020809	0:00:00.239440
10	20	7	0.700	0.348684	0.010724	0.020809	0:00:00.235939
10	20	7	0.900	0.032895	0.003453	0.006250	0:00:00.238247
10	20	7	0.999	0.032895	0.003453	0.006250	0:00:00.241340
10	30	1	0.100	0.000000	0.000000	0.000000	0:00:00.260831
10	30	1	0.300	0.000000	0.000000	0.000000	0:00:00.244937
10	30	1	0.500	0.000000	0.000000	0.000000	0:00:00.241540
10	30	1	0.700	0.000000	0.000000	0.000000	0:00:00.244105
10	30	1	0.900	0.000000	0.000000	0.000000	0:00:00.233951
10	30	1	0.999	0.000000	0.000000	0.000000	0:00:00.246285
10	30	3	0.100	0.059211	0.003651	0.006878	0:00:00.244360
10	30	3	0.300	0.059211	0.003651	0.006878	0:00:00.249114
10	30	3	0.500	0.059211	0.003651	0.006878	0:00:00.248883
10	30	3	0.700	0.000000	0.000000	0.000000	0:00:00.247832
10	30	3	0.900	0.000000	0.000000	0.000000	0:00:00.248383
10	30	3	0.999	0.000000	0.000000	0.000000	0:00:00.251666
10	30	5	0.100	0.164474	0.006674	0.012827	0:00:00.246538
10	30	5	0.300	0.164474	0.006674	0.012827	0:00:00.253863
10	30	5	0.500	0.164474	0.006674	0.012827	0:00:00.256297
10	30	5	0.700	0.164474	0.006674	0.012827	0:00:00.252007
10	30	5	0.900	0.013158	0.002907	0.004762	0:00:00.317913
10	30	5	0.999	0.013158	0.002907	0.004762	0:00:00.246502
10	30	7	0.100	0.348684	0.010724	0.020809	0:00:00.255157
10	30	7	0.300	0.348684	0.010724	0.020809	0:00:00.254916
10	30	7	0.500	0.348684	0.010724	0.020809	0:00:00.258383
10	30	7	0.700	0.348684	0.010724	0.020809	0:00:00.255070
10	30	7	0.900	0.032895	0.003453	0.006250	0:00:00.260989
10	30	7	0.999	0.032895	0.003453	0.006250	0:00:00.255463
20	0	1	0.100	0.000000	0.000000	0.000000	0:00:00.162411
20	0	1	0.300	0.000000	0.000000	0.000000	0:00:00.159497
20	0	1	0.500	0.000000	0.000000	0.000000	0:00:00.156175
20	0	1	0.700	0.000000	0.000000	0.000000	0:00:00.157759
20	0	1	0.900	0.000000	0.000000	0.000000	0:00:00.162281
20	0	1	0.999	0.000000	0.000000	0.000000	0:00:00.155335
20	0	3	0.100	0.013158	0.041667	0.020000	0:00:00.167174
20	0	3	0.300	0.013158	0.041667	0.020000	0:00:00.168975
20	0	3	0.500	0.013158	0.041667	0.020000	0:00:00.174415
20	0	3	0.700	0.000000	0.000000	0.000000	0:00:00.161430
20	0	3	0.900	0.000000	0.000000	0.000000	0:00:00.162310
20	0	3	0.999	0.000000	0.000000	0.000000	0:00:00.170592
20	0	5	0.100	0.046053	0.049645	0.047782	0:00:00.166181
20	0	5	0.300	0.046053	0.049645	0.047782	0:00:00.163969
20	0	5	0.500	0.046053	0.049645	0.047782	0:00:00.160096
20	0	5	0.700	0.046053	0.049645	0.047782	0:00:00.166622
20	0	5	0.900	0.000000	0.000000	0.000000	0:00:00.163524
20	0	5	0.999	0.000000	0.000000	0.000000	0:00:00.173336
20	0	7	0.100	0.092105	0.031111	0.046512	0:00:00.161143
20	0	7	0.300	0.092105	0.031111	0.046512	0:00:00.174350
20	0	7	0.500	0.092105	0.031111	0.046512	0:00:00.168570
20	0	7	0.700	0.092105	0.031111	0.046512	0:00:00.167760
20	0	7	0.900	0.006579	0.026316	0.010526	0:00:00.168854
20	0	7	0.999	0.006579	0.026316	0.010526	0:00:00.173069
20	1	1	0.100	0.000000	0.000000	0.000000	0:00:00.184478
20	1	1	0.300	0.000000	0.000000	0.000000	0:00:00.190852
20	1	1	0.500	0.000000	0.000000	0.000000	0:00:00.202432
20	1	1	0.700	0.000000	0.000000	0.000000	0:00:00.221728
20	1	1	0.900	0.000000	0.000000	0.000000	0:00:00.199230
20	1	1	0.999	0.000000	0.000000	0.000000	0:00:00.190044
20	1	3	0.100	0.098684	0.030488	0.046584	0:00:00.198823
20	1	3	0.300	0.098684	0.030488	0.046584	0:00:00.207896
20	1	3	0.500	0.098684	0.030488	0.046584	0:00:00.260544
20	1	3	0.700	0.006579	0.142857	0.012579	0:00:00.203019
20	1	3	0.900	0.006579	0.142857	0.012579	0:00:00.202566
20	1	3	0.999	0.006579	0.142857	0.012579	0:00:00.189855
20	1	5	0.100	0.342105	0.063337	0.106886	0:00:00.204716
20	1	5	0.300	0.342105	0.063337	0.106886	0:00:00.204092
20	1	5	0.500	0.342105	0.063337	0.106886	0:00:00.205096
20	1	5	0.700	0.342105	0.063337	0.106886	0:00:00.213132
20	1	5	0.900	0.026316	0.029851	0.027972	0:00:00.200853
20	1	5	0.999	0.026316	0.029851	0.027972	0:00:00.206122
20	1	7	0.100	0.940789	0.113854	0.203125	0:00:00.202907
20	1	7	0.300	0.940789	0.113854	0.203125	0:00:00.211901
20	1	7	0.500	0.940789	0.113854	0.203125	0:00:00.213669
20	1	7	0.700	0.940789	0.113854	0.203125	0:00:00.202174
20	1	7	0.900	0.046053	0.024823	0.032258	0:00:00.207103
20	1	7	0.999	0.046053	0.024823	0.032258	0:00:00.218681
20	3	1	0.100	0.000000	0.000000	0.000000	0:00:00.202766
20	3	1	0.300	0.000000	0.000000	0.000000	0:00:00.201685
20	3	1	0.500	0.000000	0.000000	0.000000	0:00:00.206872
20	3	1	0.700	0.000000	0.000000	0.000000	0:00:00.207886
20	3	1	0.900	0.000000	0.000000	0.000000	0:00:00.211979
20	3	1	0.999	0.000000	0.000000	0.000000	0:00:00.205069
20	3	3	0.100	0.098684	0.014925	0.025929	0:00:00.213749
20	3	3	0.300	0.098684	0.014925	0.025929	0:00:00.226695
20	3	3	0.500	0.098684	0.014925	0.025929	0:00:00.211518
20	3	3	0.700	0.026316	0.086957	0.040404	0:00:00.213196
20	3	3	0.900	0.026316	0.086957	0.040404	0:00:00.210982
20	3	3	0.999	0.026316	0.086957	0.040404	0:00:00.228615
20	3	5	0.100	0.263158	0.013089	0.024938	0:00:00.207083
20	3	5	0.300	0.263158	0.013089	0.024938	0:00:00.212000
20	3	5	0.500	0.263158	0.013089	0.024938	0:00:00.214941
20	3	5	0.700	0.263158	0.013089	0.024938	0:00:00.210920
20	3	5	0.900	0.059211	0.046154	0.051873	0:00:00.267472
20	3	5	0.999	0.059211	0.046154	0.051873	0:00:00.217086
20	3	7	0.100	0.651316	0.022706	0.043883	0:00:00.207427
20	3	7	0.300	0.651316	0.022706	0.043883	0:00:00.225388
20	3	7	0.500	0.651316	0.022706	0.043883	0:00:00.216797
20	3	7	0.700	0.651316	0.022706	0.043883	0:00:00.212441
20	3	7	0.900	0.190789	0.065463	0.097479	0:00:00.212538
20	3	7	0.999	0.190789	0.065463	0.097479	0:00:00.210638
20	5	1	0.100	0.000000	0.000000	0.000000	0:00:00.213194
20	5	1	0.300	0.000000	0.000000	0.000000	0:00:00.228215
20	5	1	0.500	0.000000	0.000000	0.000000	0:00:00.211440
20	5	1	0.700	0.000000	0.000000	0.000000	0:00:00.220352
20	5	1	0.900	0.000000	0.000000	0.000000	0:00:00.229626
20	5	1	0.999	0.000000	0.000000	0.000000	0:00:00.204488
20	5	3	0.100	0.421053	0.012350	0.023997	0:00:00.223243
20	5	3	0.300	0.421053	0.012350	0.023997	0:00:00.215087
20	5	3	0.500	0.421053	0.012350	0.023997	0:00:00.231033
20	5	3	0.700	0.013158	0.002296	0.003910	0:00:00.221224
20	5	3	0.900	0.013158	0.002296	0.003910	0:00:00.216983
20	5	3	0.999	0.013158	0.002296	0.003910	0:00:00.222263
20	5	5	0.100	0.730263	0.016780	0.032806	0:00:00.229938
20	5	5	0.300	0.730263	0.016780	0.032806	0:00:00.217643
20	5	5	0.500	0.730263	0.016780	0.032806	0:00:00.218967
20	5	5	0.700	0.730263	0.016780	0.032806	0:00:00.232775
20	5	5	0.900	0.059211	0.003609	0.006803	0:00:00.233562
20	5	5	0.999	0.059211	0.003609	0.006803	0:00:00.218192
20	5	7	0.100	0.782895	0.015852	0.031075	0:00:00.278790
20	5	7	0.300	0.782895	0.015852	0.031075	0:00:00.217013
20	5	7	0.500	0.782895	0.015852	0.031075	0:00:00.224411
20	5	7	0.700	0.782895	0.015852	0.031075	0:00:00.215354
20	5	7	0.900	0.197368	0.008183	0.015715	0:00:00.220306
20	5	7	0.999	0.197368	0.008183	0.015715	0:00:00.220222
20	10	1	0.100	0.000000	0.000000	0.000000	0:00:00.236669
20	10	1	0.300	0.000000	0.000000	0.000000	0:00:00.231694
20	10	1	0.500	0.000000	0.000000	0.000000	0:00:00.229895
20	10	1	0.700	0.000000	0.000000	0.000000	0:00:00.232837
20	10	1	0.900	0.000000	0.000000	0.000000	0:00:00.224476
20	10	1	0.999	0.000000	0.000000	0.000000	0:00:00.223133
20	10	3	0.100	0.059211	0.003651	0.006878	0:00:00.240039
20	10	3	0.300	0.059211	0.003651	0.006878	0:00:00.236675
20	10	3	0.500	0.059211	0.003651	0.006878	0:00:00.238129
20	10	3	0.700	0.000000	0.000000	0.000000	0:00:00.229234
20	10	3	0.900	0.000000	0.000000	0.000000	0:00:00.231597
20	10	3	0.999	0.000000	0.000000	0.000000	0:00:00.230051
20	10	5	0.100	0.164474	0.006674	0.012827	0:00:00.236611
20	10	5	0.300	0.164474	0.006674	0.012827	0:00:00.246664
20	10	5	0.500	0.164474	0.006674	0.012827	0:00:00.234995
20	10	5	0.700	0.164474	0.006674	0.012827	0:00:00.242733
20	10	5	0.900	0.013158	0.002907	0.004762	0:00:00.244169
20	10	5	0.999	0.013158	0.002907	0.004762	0:00:00.286546
20	10	7	0.100	0.348684	0.010724	0.020809	0:00:00.242882
20	10	7	0.300	0.348684	0.010724	0.020809	0:00:00.247034
20	10	7	0.500	0.348684	0.010724	0.020809	0:00:00.239213
20	10	7	0.700	0.348684	0.010724	0.020809	0:00:00.252351
20	10	7	0.900	0.032895	0.003453	0.006250	0:00:00.237785
20	10	7	0.999	0.032895	0.003453	0.006250	0:00:00.241406
20	20	1	0.100	0.000000	0.000000	0.000000	0:00:00.239382
20	20	1	0.300	0.000000	0.000000	0.000000	0:00:00.235615
20	20	1	0.500	0.000000	0.000000	0.000000	0:00:00.247893
20	20	1	0.700	0.000000	0.000000	0.000000	0:00:00.236401
20	20	1	0.900	0.000000	0.000000	0.000000	0:00:00.247701
20	20	1	0.999	0.000000	0.000000	0.000000	0:00:00.239168
20	20	3	0.100	0.059211	0.003651	0.006878	0:00:00.250577
20	20	3	0.300	0.059211	0.003651	0.006878	0:00:00.244811
20	20	3	0.500	0.059211	0.003651	0.006878	0:00:00.257142
20	20	3	0.700	0.000000	0.000000	0.000000	0:00:00.244435
20	20	3	0.900	0.000000	0.000000	0.000000	0:00:00.257159
20	20	3	0.999	0.000000	0.000000	0.000000	0:00:00.247796
20	20	5	0.100	0.164474	0.006674	0.012827	0:00:00.247786
20	20	5	0.300	0.164474	0.006674	0.012827	0:00:00.254054
20	20	5	0.500	0.164474	0.006674	0.012827	0:00:00.249284
20	20	5	0.700	0.164474	0.006674	0.012827	0:00:00.259662
20	20	5	0.900	0.013158	0.002907	0.004762	0:00:00.255343
20	20	5	0.999	0.013158	0.002907	0.004762	0:00:00.253886
20	20	7	0.100	0.348684	0.010724	0.020809	0:00:00.253056
20	20	7	0.300	0.348684	0.010724	0.020809	0:00:00.259742
20	20	7	0.500	0.348684	0.010724	0.020809	0:00:00.264269
20	20	7	0.700	0.348684	0.010724	0.020809	0:00:00.261992
20	20	7	0.900	0.032895	0.003453	0.006250	0:00:00.248715
20	20	7	0.999	0.032895	0.003453	0.006250	0:00:00.247962
20	30	1	0.100	0.000000	0.000000	0.000000	0:00:00.354166
20	30	1	0.300	0.000000	0.000000	0.000000	0:00:00.300938
20	30	1	0.500	0.000000	0.000000	0.000000	0:00:00.300910
20	30	1	0.700	0.000000	0.000000	0.000000	0:00:00.306182
20	30	1	0.900	0.000000	0.000000	0.000000	0:00:00.308079
20	30	1	0.999	0.000000	0.000000	0.000000	0:00:00.301352
20	30	3	0.100	0.059211	0.003651	0.006878	0:00:00.313819
20	30	3	0.300	0.059211	0.003651	0.006878	0:00:00.307145
20	30	3	0.500	0.059211	0.003651	0.006878	0:00:00.307866
20	30	3	0.700	0.000000	0.000000	0.000000	0:00:00.315193
20	30	3	0.900	0.000000	0.000000	0.000000	0:00:00.314340
20	30	3	0.999	0.000000	0.000000	0.000000	0:00:00.305050
20	30	5	0.100	0.164474	0.006674	0.012827	0:00:00.308278
20	30	5	0.300	0.164474	0.006674	0.012827	0:00:00.306715
20	30	5	0.500	0.164474	0.006674	0.012827	0:00:00.308604
20	30	5	0.700	0.164474	0.006674	0.012827	0:00:00.322469
20	30	5	0.900	0.013158	0.002907	0.004762	0:00:00.314611
20	30	5	0.999	0.013158	0.002907	0.004762	0:00:00.318139
20	30	7	0.100	0.348684	0.010724	0.020809	0:00:00.317665
20	30	7	0.300	0.348684	0.010724	0.020809	0:00:00.314890
20	30	7	0.500	0.348684	0.010724	0.020809	0:00:00.310541
20	30	7	0.700	0.348684	0.010724	0.020809	0:00:00.323550
20	30	7	0.900	0.032895	0.003453	0.006250	0:00:00.339707
20	30	7	0.999	0.032895	0.003453	0.006250	0:00:00.358355
30	0	1	0.100	0.000000	0.000000	0.000000	0:00:00.224304
30	0	1	0.300	0.000000	0.000000	0.000000	0:00:00.226188
30	0	1	0.500	0.000000	0.000000	0.000000	0:00:00.241289
30	0	1	0.700	0.000000	0.000000	0.000000	0:00:00.245550
30	0	1	0.900	0.000000	0.000000	0.000000	0:00:00.259085
30	0	1	0.999	0.000000	0.000000	0.000000	0:00:00.231752
30	0	3	0.100	0.013158	0.041667	0.020000	0:00:00.233877
30	0	3	0.300	0.013158	0.041667	0.020000	0:00:00.247623
30	0	3	0.500	0.013158	0.041667	0.020000	0:00:00.246501
30	0	3	0.700	0.000000	0.000000	0.000000	0:00:00.329781
30	0	3	0.900	0.000000	0.000000	0.000000	0:00:00.253282
30	0	3	0.999	0.000000	0.000000	0.000000	0:00:00.258585
30	0	5	0.100	0.046053	0.049645	0.047782	0:00:00.252429
30	0	5	0.300	0.046053	0.049645	0.047782	0:00:00.284169
30	0	5	0.500	0.046053	0.049645	0.047782	0:00:00.240385
30	0	5	0.700	0.046053	0.049645	0.047782	0:00:00.253344
30	0	5	0.900	0.000000	0.000000	0.000000	0:00:00.369587
30	0	5	0.999	0.000000	0.000000	0.000000	0:00:00.261961
30	0	7	0.100	0.092105	0.031111	0.046512	0:00:00.241093
30	0	7	0.300	0.092105	0.031111	0.046512	0:00:00.254152
30	0	7	0.500	0.092105	0.031111	0.046512	0:00:00.259374
30	0	7	0.700	0.092105	0.031111	0.046512	0:00:00.246187
30	0	7	0.900	0.006579	0.026316	0.010526	0:00:00.336619
30	0	7	0.999	0.006579	0.026316	0.010526	0:00:00.285860
30	1	1	0.100	0.000000	0.000000	0.000000	0:00:00.271637
30	1	1	0.300	0.000000	0.000000	0.000000	0:00:00.247149
30	1	1	0.500	0.000000	0.000000	0.000000	0:00:00.349865
30	1	1	0.700	0.000000	0.000000	0.000000	0:00:00.333029
30	1	1	0.900	0.000000	0.000000	0.000000	0:00:00.247613
30	1	1	0.999	0.000000	0.000000	0.000000	0:00:00.238303
30	1	3	0.100	0.098684	0.030488	0.046584	0:00:00.272366
30	1	3	0.300	0.098684	0.030488	0.046584	0:00:00.261538
30	1	3	0.500	0.098684	0.030488	0.046584	0:00:00.264492
30	1	3	0.700	0.006579	0.142857	0.012579	0:00:00.256908
30	1	3	0.900	0.006579	0.142857	0.012579	0:00:00.246365
30	1	3	0.999	0.006579	0.142857	0.012579	0:00:00.242986
30	1	5	0.100	0.342105	0.063337	0.106886	0:00:00.253108
30	1	5	0.300	0.342105	0.063337	0.106886	0:00:00.253657
30	1	5	0.500	0.342105	0.063337	0.106886	0:00:00.269984
30	1	5	0.700	0.342105	0.063337	0.106886	0:00:00.263478
30	1	5	0.900	0.026316	0.029851	0.027972	0:00:00.247386
30	1	5	0.999	0.026316	0.029851	0.027972	0:00:00.269080
30	1	7	0.100	0.940789	0.113854	0.203125	0:00:00.252566
30	1	7	0.300	0.940789	0.113854	0.203125	0:00:00.272650
30	1	7	0.500	0.940789	0.113854	0.203125	0:00:00.388323
30	1	7	0.700	0.940789	0.113854	0.203125	0:00:00.309919
30	1	7	0.900	0.046053	0.024823	0.032258	0:00:00.245825
30	1	7	0.999	0.046053	0.024823	0.032258	0:00:00.308660
30	3	1	0.100	0.000000	0.000000	0.000000	0:00:00.252662
30	3	1	0.300	0.000000	0.000000	0.000000	0:00:00.240807
30	3	1	0.500	0.000000	0.000000	0.000000	0:00:00.248221
30	3	1	0.700	0.000000	0.000000	0.000000	0:00:00.256691
30	3	1	0.900	0.000000	0.000000	0.000000	0:00:00.243914
30	3	1	0.999	0.000000	0.000000	0.000000	0:00:00.275994
30	3	3	0.100	0.098684	0.014925	0.025929	0:00:00.251230
30	3	3	0.300	0.098684	0.014925	0.025929	0:00:00.249683
30	3	3	0.500	0.098684	0.014925	0.025929	0:00:00.286077
30	3	3	0.700	0.026316	0.086957	0.040404	0:00:00.245914
30	3	3	0.900	0.026316	0.086957	0.040404	0:00:00.247730
30	3	3	0.999	0.026316	0.086957	0.040404	0:00:00.249868
30	3	5	0.100	0.263158	0.013089	0.024938	0:00:00.262731
30	3	5	0.300	0.263158	0.013089	0.024938	0:00:00.255688
30	3	5	0.500	0.263158	0.013089	0.024938	0:00:00.263397
30	3	5	0.700	0.263158	0.013089	0.024938	0:00:00.255859
30	3	5	0.900	0.059211	0.046154	0.051873	0:00:00.250445
30	3	5	0.999	0.059211	0.046154	0.051873	0:00:00.256070
30	3	7	0.100	0.651316	0.022706	0.043883	0:00:00.252693
30	3	7	0.300	0.651316	0.022706	0.043883	0:00:00.253891
30	3	7	0.500	0.651316	0.022706	0.043883	0:00:00.252429
30	3	7	0.700	0.651316	0.022706	0.043883	0:00:00.248513
30	3	7	0.900	0.190789	0.065463	0.097479	0:00:00.251612
30	3	7	0.999	0.190789	0.065463	0.097479	0:00:00.251306
30	5	1	0.100	0.000000	0.000000	0.000000	0:00:00.254877
30	5	1	0.300	0.000000	0.000000	0.000000	0:00:00.246566
30	5	1	0.500	0.000000	0.000000	0.000000	0:00:00.252401
30	5	1	0.700	0.000000	0.000000	0.000000	0:00:00.250750
30	5	1	0.900	0.000000	0.000000	0.000000	0:00:00.250564
30	5	1	0.999	0.000000	0.000000	0.000000	0:00:00.250719
30	5	3	0.100	0.421053	0.012350	0.023997	0:00:00.251836
30	5	3	0.300	0.421053	0.012350	0.023997	0:00:00.251587
30	5	3	0.500	0.421053	0.012350	0.023997	0:00:00.254816
30	5	3	0.700	0.013158	0.002296	0.003910	0:00:00.257568
30	5	3	0.900	0.013158	0.002296	0.003910	0:00:00.260683
30	5	3	0.999	0.013158	0.002296	0.003910	0:00:00.251829
30	5	5	0.100	0.730263	0.016780	0.032806	0:00:00.267475
30	5	5	0.300	0.730263	0.016780	0.032806	0:00:00.256333
30	5	5	0.500	0.730263	0.016780	0.032806	0:00:00.257934
30	5	5	0.700	0.730263	0.016780	0.032806	0:00:00.259730
30	5	5	0.900	0.059211	0.003609	0.006803	0:00:00.259188
30	5	5	0.999	0.059211	0.003609	0.006803	0:00:00.256485
30	5	7	0.100	0.782895	0.015852	0.031075	0:00:00.269080
30	5	7	0.300	0.782895	0.015852	0.031075	0:00:00.269677
30	5	7	0.500	0.782895	0.015852	0.031075	0:00:00.271354
30	5	7	0.700	0.782895	0.015852	0.031075	0:00:00.267033
30	5	7	0.900	0.197368	0.008183	0.015715	0:00:00.272772
30	5	7	0.999	0.197368	0.008183	0.015715	0:00:00.261029
30	10	1	0.100	0.000000	0.000000	0.000000	0:00:00.244758
30	10	1	0.300	0.000000	0.000000	0.000000	0:00:00.239718
30	10	1	0.500	0.000000	0.000000	0.000000	0:00:00.244149
30	10	1	0.700	0.000000	0.000000	0.000000	0:00:00.243754
30	10	1	0.900	0.000000	0.000000	0.000000	0:00:00.239652
30	10	1	0.999	0.000000	0.000000	0.000000	0:00:00.240583
30	10	3	0.100	0.059211	0.003651	0.006878	0:00:00.250292
30	10	3	0.300	0.059211	0.003651	0.006878	0:00:00.256091
30	10	3	0.500	0.059211	0.003651	0.006878	0:00:00.259617
30	10	3	0.700	0.000000	0.000000	0.000000	0:00:00.302551
30	10	3	0.900	0.000000	0.000000	0.000000	0:00:00.246141
30	10	3	0.999	0.000000	0.000000	0.000000	0:00:00.252320
30	10	5	0.100	0.164474	0.006674	0.012827	0:00:00.247357
30	10	5	0.300	0.164474	0.006674	0.012827	0:00:00.255959
30	10	5	0.500	0.164474	0.006674	0.012827	0:00:00.253483
30	10	5	0.700	0.164474	0.006674	0.012827	0:00:00.269493
30	10	5	0.900	0.013158	0.002907	0.004762	0:00:00.248207
30	10	5	0.999	0.013158	0.002907	0.004762	0:00:00.248785
30	10	7	0.100	0.348684	0.010724	0.020809	0:00:00.256439
30	10	7	0.300	0.348684	0.010724	0.020809	0:00:00.257881
30	10	7	0.500	0.348684	0.010724	0.020809	0:00:00.258356
30	10	7	0.700	0.348684	0.010724	0.020809	0:00:00.261253
30	10	7	0.900	0.032895	0.003453	0.006250	0:00:00.261197
30	10	7	0.999	0.032895	0.003453	0.006250	0:00:00.255298
30	20	1	0.100	0.000000	0.000000	0.000000	0:00:00.301003
30	20	1	0.300	0.000000	0.000000	0.000000	0:00:00.312257
30	20	1	0.500	0.000000	0.000000	0.000000	0:00:00.304116
30	20	1	0.700	0.000000	0.000000	0.000000	0:00:00.306327
30	20	1	0.900	0.000000	0.000000	0.000000	0:00:00.298738
30	20	1	0.999	0.000000	0.000000	0.000000	0:00:00.296071
30	20	3	0.100	0.059211	0.003651	0.006878	0:00:00.307584
30	20	3	0.300	0.059211	0.003651	0.006878	0:00:00.305560
30	20	3	0.500	0.059211	0.003651	0.006878	0:00:00.304067
30	20	3	0.700	0.000000	0.000000	0.000000	0:00:00.308387
30	20	3	0.900	0.000000	0.000000	0.000000	0:00:00.304839
30	20	3	0.999	0.000000	0.000000	0.000000	0:00:00.307574
30	20	5	0.100	0.164474	0.006674	0.012827	0:00:00.313677
30	20	5	0.300	0.164474	0.006674	0.012827	0:00:00.310160
30	20	5	0.500	0.164474	0.006674	0.012827	0:00:00.315982
30	20	5	0.700	0.164474	0.006674	0.012827	0:00:00.317606
30	20	5	0.900	0.013158	0.002907	0.004762	0:00:00.310596
30	20	5	0.999	0.013158	0.002907	0.004762	0:00:00.317447
30	20	7	0.100	0.348684	0.010724	0.020809	0:00:00.317079
30	20	7	0.300	0.348684	0.010724	0.020809	0:00:00.320411
30	20	7	0.500	0.348684	0.010724	0.020809	0:00:00.318004
30	20	7	0.700	0.348684	0.010724	0.020809	0:00:00.319057
30	20	7	0.900	0.032895	0.003453	0.006250	0:00:00.315288
30	20	7	0.999	0.032895	0.003453	0.006250	0:00:00.318799
30	30	1	0.100	0.000000	0.000000	0.000000	0:00:00.394821
30	30	1	0.300	0.000000	0.000000	0.000000	0:00:00.376982
30	30	1	0.500	0.000000	0.000000	0.000000	0:00:00.339240
30	30	1	0.700	0.000000	0.000000	0.000000	0:00:00.343466
30	30	1	0.900	0.000000	0.000000	0.000000	0:00:00.370012
30	30	1	0.999	0.000000	0.000000	0.000000	0:00:00.328799
30	30	3	0.100	0.059211	0.003651	0.006878	0:00:00.330264
30	30	3	0.300	0.059211	0.003651	0.006878	0:00:00.329003
30	30	3	0.500	0.059211	0.003651	0.006878	0:00:00.337420
30	30	3	0.700	0.000000	0.000000	0.000000	0:00:00.333205
30	30	3	0.900	0.000000	0.000000	0.000000	0:00:00.332689
30	30	3	0.999	0.000000	0.000000	0.000000	0:00:00.328830
30	30	5	0.100	0.164474	0.006674	0.012827	0:00:00.339596
30	30	5	0.300	0.164474	0.006674	0.012827	0:00:00.330450
30	30	5	0.500	0.164474	0.006674	0.012827	0:00:00.344635
30	30	5	0.700	0.164474	0.006674	0.012827	0:00:00.336742
30	30	5	0.900	0.013158	0.002907	0.004762	0:00:00.336354
30	30	5	0.999	0.013158	0.002907	0.004762	0:00:00.340640
30	30	7	0.100	0.348684	0.010724	0.020809	0:00:00.338706
30	30	7	0.300	0.348684	0.010724	0.020809	0:00:00.336929
30	30	7	0.500	0.348684	0.010724	0.020809	0:00:00.343409
30	30	7	0.700	0.348684	0.010724	0.020809	0:00:00.343155
30	30	7	0.900	0.032895	0.003453	0.006250	0:00:00.340085
30	30	7	0.999	0.032895	0.003453	0.006250	0:00:00.341109
